1 0.057214981824542877 0.953107443677194 0.000186920166015625 0.098
2 0.053009175710788226 0.961630445541591 7.915496826171875e-05 0.098
3 0.05185490771608525 0.9475795535337677 7.915496826171875e-05 0.098
4 0.04789380933863585 0.9479211721614235 0.00010228157043457031 0.098
5 0.04931349912605709 0.94593310586578 7.700920104980469e-05 0.098
6 0.04942931280986895 0.9560898941472409 6.985664367675781e-05 0.098
7 0.046273771646459516 0.9452227955858762 5.817413330078125e-05 0.098
8 0.040096553523830236 0.9362869081587298 5.698204040527344e-05 0.098
9 0.05533665281871514 0.9564734512565082 6.198883056640625e-05 0.098
10 0.050471161242497176 0.9632624138993049 0.00010609626770019531 0.098
11 0.04657857097879692 0.9490417431036681 7.605552673339844e-05 0.098
12 0.047285448011901376 0.9442901905086954 8.988380432128906e-05 0.098
13 0.05656841305608251 0.957180117808593 7.033348083496094e-05 0.098
14 0.046388353988123465 0.9605104547358801 6.699562072753906e-05 0.098
15 0.04139899126355906 0.9560937841316626 6.4849853515625e-05 0.098
16 0.03216104860851232 0.947320924120665 5.602836608886719e-05 0.098
17 0.047222696194668234 0.9410226091703987 5.7220458984375e-05 0.098
18 0.0548432825038796 0.9519597334597573 6.103515625e-05 0.098
19 0.04320101353153072 0.9336162143468713 6.103515625e-05 0.098
20 0.0503535500161264 0.9550408070108038 0.000125885009765625 0.098
21 0.04961854745365413 0.9509152087395506 6.604194641113281e-05 0.098
22 0.052341492187017225 0.9471664789792978 5.602836608886719e-05 0.098
23 0.04441626252929387 0.941883644076029 6.508827209472656e-05 0.098
24 0.04812670098875904 0.9501058029383808 7.176399230957031e-05 0.098
25 0.061205131815553426 0.9438837022391359 7.200241088867188e-05 0.098
26 0.04124295068484707 0.9549247302942749 6.985664367675781e-05 0.098
27 0.05792838813969181 0.9413486414903999 6.4849853515625e-05 0.098
28 0.05273345246019001 0.9586800000514423 6.604194641113281e-05 0.098
29 0.05013640253537188 0.9455823115016021 6.508827209472656e-05 0.098
30 0.036940927204990426 0.9461705323957763 5.888938903808594e-05 0.098
31 0.04707269331763575 0.9533124694791731 5.7697296142578125e-05 0.098
32 0.04124885421619073 0.9527631436894506 5.817413330078125e-05 0.098
33 0.04435459583664536 0.9553628483740165 8.511543273925781e-05 0.098
34 0.04835935343399422 0.9446368608292646 7.390975952148438e-05 0.098
35 0.055422831736971157 0.9413393588562006 5.984306335449219e-05 0.098
36 0.04498361503978987 0.9530800269004993 5.7220458984375e-05 0.098
37 0.054773517709895136 0.9592567682249076 5.793571472167969e-05 0.098
38 0.054815123735421634 0.9468438702936253 9.393692016601562e-05 0.098
39 0.0447428056603536 0.9492345629875452 6.413459777832031e-05 0.098
40 0.05892656095485893 0.9546405364129784 6.29425048828125e-05 0.098
41 0.04169457980452218 0.9589004997328724 6.508827209472656e-05 0.098
42 0.047143659548921635 0.9632343975692378 6.29425048828125e-05 0.098
43 0.04947415293530466 0.9532053520842984 6.198883056640625e-05 0.098
44 0.04936971034337634 0.9553798926416993 6.29425048828125e-05 0.098
45 0.0466176896426721 0.962448870902801 6.29425048828125e-05 0.098
46 0.055287012538853264 0.9495908384411116 6.389617919921875e-05 0.098
47 0.04749984991242995 0.9413850684196228 6.198883056640625e-05 0.098
48 0.03768808024882808 0.9424595473582515 6.699562072753906e-05 0.098
49 0.05969107010707375 0.9500565998139796 8.7738037109375e-05 0.098
50 0.049525790553119675 0.9467656608026589 0.00014710426330566406 0.098
51 0.06632697987410685 0.9412466837224712 6.4849853515625e-05 0.098
52 0.049733397696165915 0.9436410530861273 6.29425048828125e-05 0.098
53 0.03608558196548406 0.946582205508406 6.198883056640625e-05 0.098
54 0.05204228473322081 0.949163172720915 6.031990051269531e-05 0.098
55 0.04458676602010736 0.9343139389813983 6.389617919921875e-05 0.098
56 0.043560993371436485 0.9497303708033207 6.4849853515625e-05 0.098
57 0.05324703604369374 0.9523219589915037 6.008148193359375e-05 0.098
58 0.05157265121905308 0.9389756097370296 6.198883056640625e-05 0.098
59 0.05245171540410376 0.952238304519679 6.29425048828125e-05 0.098
60 0.0541534043254569 0.952973569210705 6.389617919921875e-05 0.098
61 0.042455916516485614 0.9532054802659581 6.699562072753906e-05 0.098
62 0.04461199402198912 0.9395499269127087 6.818771362304688e-05 0.098
63 0.054490633828528146 0.9483241680096859 5.91278076171875e-05 0.098
64 0.04575610843795075 0.9516826604151646 5.984306335449219e-05 0.098
65 0.05797558188351226 0.9448952325356413 8.392333984375e-05 0.098
66 0.05147623064486273 0.9441759651490782 0.00017690658569335938 0.098
67 0.04827442619526112 0.9504444028482822 7.510185241699219e-05 0.098
68 0.057005163884929155 0.9502768860417665 6.008148193359375e-05 0.098
69 0.0562060002108824 0.9606759819564448 5.817413330078125e-05 0.098
70 0.04215827654918847 0.9511873857350193 5.507469177246094e-05 0.098
71 0.05578937898291447 0.9507781630959575 5.602836608886719e-05 0.098
72 0.04717929182034242 0.9380353534380261 6.079673767089844e-05 0.098
73 0.04031289292853346 0.9488416143027087 5.626678466796875e-05 0.098
74 0.05371299239109584 0.9479728872218215 5.7220458984375e-05 0.098
75 0.04401341923714375 0.95902658078737 5.507469177246094e-05 0.098
76 0.045225051240109115 0.9426066381444855 5.602836608886719e-05 0.098
77 0.041600622834634615 0.9406079268942363 5.5789947509765625e-05 0.098
78 0.05428231839100428 0.9524706353381401 5.602836608886719e-05 0.098
79 0.0481150702287958 0.9574536716923052 5.507469177246094e-05 0.098
80 0.04214778681249598 0.948148792000391 6.079673767089844e-05 0.098
81 0.04920675603760516 0.9540173930487652 6.914138793945312e-05 0.098
82 0.04741139962830865 0.9413157892771411 0.00012993812561035156 0.098
83 0.053617375752128216 0.9418026792934752 0.00011801719665527344 0.098
84 0.047387619644386425 0.9506302197209561 5.888938903808594e-05 0.098
85 0.04406939545364508 0.9492137274265801 5.817413330078125e-05 0.098
86 0.047463244148926664 0.9545643437018719 5.698204040527344e-05 0.098
87 0.04453808452901453 0.9597467315623004 5.4836273193359375e-05 0.098
88 0.048953567386376795 0.9465675634443041 5.602836608886719e-05 0.098
89 0.05075762048150445 0.9535476003041639 5.793571472167969e-05 0.098
90 0.06318978701630085 0.9521343622538783 5.698204040527344e-05 0.098
91 0.058179527226706496 0.9521465495918615 5.817413330078125e-05 0.098
92 0.036889997758927096 0.9534125923947183 5.6743621826171875e-05 0.098
93 0.046219623658614206 0.9469783799072373 5.6743621826171875e-05 0.098
94 0.0491096405266358 0.9562550779215359 5.698204040527344e-05 0.098
95 0.05250479523394802 0.9505690332822935 5.6743621826171875e-05 0.098
96 0.06427633739173588 0.9511633484538133 6.29425048828125e-05 0.098
97 0.039813623064189785 0.9461193326366941 6.699562072753906e-05 0.098
98 0.04348044917273042 0.9572582808487448 5.817413330078125e-05 0.098
99 0.053412480098924076 0.9430020294626789 5.698204040527344e-05 0.098
100 0.05165600069568932 0.947500749910096 5.4836273193359375e-05 0.098
101 0.06869859036587722 0.9434748554491039 0.00012612342834472656 0.098
102 0.05423047053817476 0.9593374915672042 6.103515625e-05 0.098
103 0.05001037629854865 0.9501227702472002 5.602836608886719e-05 0.098
104 0.04331324320554997 0.9485224973760581 5.602836608886719e-05 0.098
105 0.07128807420137806 0.9621287306352929 5.602836608886719e-05 0.098
106 0.05479741371628333 0.9484925011455168 5.602836608886719e-05 0.098
107 0.061023630267761586 0.9557868305084014 5.5789947509765625e-05 0.098
108 0.04725481846258428 0.9433275954856215 5.459785461425781e-05 0.098
109 0.0578693688867814 0.9599520491370597 5.5789947509765625e-05 0.098
110 0.05434251774227816 0.9547080994277681 5.602836608886719e-05 0.098
111 0.05811712123716106 0.9524617692084659 5.412101745605469e-05 0.098
112 0.05067685936795463 0.9495951522955229 5.602836608886719e-05 0.098
113 0.05686895049980045 0.9565760878365152 5.91278076171875e-05 0.098
114 0.06700670050403112 0.9486113236060202 0.0002009868621826172 0.098
115 0.04983563473354824 0.9295649372537983 5.698204040527344e-05 0.098
116 0.05985454623806008 0.9450774983201006 5.888938903808594e-05 0.098
117 0.04839684269063205 0.9422787073236494 5.602836608886719e-05 0.098
118 0.05630168542628522 0.9525153868623752 5.698204040527344e-05 0.098
119 0.04981329297281378 0.9432702461191543 8.511543273925781e-05 0.098
120 0.049030725282118603 0.9453596182136617 6.008148193359375e-05 0.098
121 0.051805250368854305 0.9474489190876839 5.507469177246094e-05 0.098
122 0.050107720192185234 0.9622299588498046 5.507469177246094e-05 0.098
123 0.058473119422781994 0.9469648761096171 5.5789947509765625e-05 0.098
124 0.04765761213859199 0.9516636976011585 5.698204040527344e-05 0.098
125 0.044840450724117686 0.9538648879001932 5.602836608886719e-05 0.098
126 0.034082531873995126 0.9432725312171747 5.626678466796875e-05 0.098
127 0.058612435145864894 0.950596851384588 5.602836608886719e-05 0.098
128 0.05752245289361568 0.958524807755218 5.698204040527344e-05 0.098
129 0.04382324748977284 0.9499682280765104 5.7220458984375e-05 0.098
130 0.03829532467420993 0.9455397314140325 5.817413330078125e-05 0.098
131 0.05364513867922516 0.9578947203747492 5.817413330078125e-05 0.098
132 0.048492355991605396 0.9530671270002674 6.127357482910156e-05 0.098
133 0.05546828669414239 0.9518861297695941 5.817413330078125e-05 0.098
134 0.05671961767060796 0.9529064780716038 5.698204040527344e-05 0.098
135 0.04251421644647646 0.9532623497596004 5.6743621826171875e-05 0.098
136 0.0520879795233441 0.9621737694627875 7.724761962890625e-05 0.098
137 0.05300077853747931 0.9452998525802695 5.5789947509765625e-05 0.098
138 0.04534574799745006 0.9542419357732285 6.890296936035156e-05 0.098
139 0.04831941090645708 0.9556133784520112 6.103515625e-05 0.098
140 0.04222639367986103 0.9492737494103626 5.6743621826171875e-05 0.098
141 0.04651726373203724 0.9558325974294547 5.698204040527344e-05 0.098
142 0.04244029684378703 0.9683625046104188 5.602836608886719e-05 0.098
143 0.05183469416739206 0.9531028819168033 5.626678466796875e-05 0.098
144 0.06394413277043687 0.9562727093140136 5.5789947509765625e-05 0.098
145 0.05157440067273189 0.9519808949409905 5.602836608886719e-05 0.098
146 0.06580918225929866 0.9468302876874337 5.602836608886719e-05 0.098
147 0.05106933254297785 0.9455898774688571 5.626678466796875e-05 0.098
148 0.04761320165915073 0.9416226094373336 5.626678466796875e-05 0.098
149 0.052705832563627486 0.9456835036135114 5.602836608886719e-05 0.098
150 0.04898176120253117 0.9429548928873301 6.29425048828125e-05 0.098
