1 0.07274658027325683 3.0747925078728824 8.082389831542969e-05 0.098
2 0.07106774699360739 4.281236951483223 7.295608520507812e-05 0.098
3 0.09420231676486775 5.310485854272758 7.200241088867188e-05 0.098
4 0.14025495832821003 7.358561841987352 6.103515625e-05 0.098
5 0.18261141449763166 12.495387013403226 0.0002357959747314453 0.098
6 0.31625892177133713 16.96490572881291 6.580352783203125e-05 0.098
7 0.3703470813036128 23.315274103340823 6.818771362304688e-05 0.098
8 0.5676772103190078 30.908307737243273 5.6743621826171875e-05 0.098
9 0.8202753554698622 44.829554159731906 5.698204040527344e-05 0.098
10 0.975410138882598 60.96058977872269 6.508827209472656e-05 0.098
11 1.3607818134509928 86.55113994718447 6.699562072753906e-05 0.098
12 1.8029016450603932 126.8994982866408 7.128715515136719e-05 0.098
13 2.627912093844727 167.26689286279637 5.817413330078125e-05 0.098
14 4.5528098736979645 230.4503856243812 5.698204040527344e-05 0.098
15 5.951423016171345 312.7201761307652 6.699562072753906e-05 0.098
16 6.9829067021216 443.7262703727326 7.510185241699219e-05 0.098
17 13.878330342006102 676.1539977061101 0.0001068115234375 0.098
18 14.897907810735308 921.8370100989074 0.0008950233459472656 0.098
19 21.450147973871875 1357.4188496348715 0.00023698806762695312 0.098
20 25.976226597243944 1792.1154253407235 8.702278137207031e-05 0.098
21 51.00474970581864 2584.201772996711 5.984306335449219e-05 0.098
22 61.22090580461902 4105.513895365415 6.771087646484375e-05 0.098
23 97.37167320001392 5259.002457288782 7.009506225585938e-05 0.098
24 81.44797947205268 7039.500281163317 0.000102996826171875 0.098
25 180.45878687556666 9978.307011471583 7.82012939453125e-05 0.098
26 178.75659745787206 13499.281890147053 8.487701416015625e-05 0.098
27 298.2463522111278 18714.35665063838 7.510185241699219e-05 0.098
28 548.7699086896691 26148.732928325353 7.390975952148438e-05 0.098
29 599.0278574944108 37469.766420901666 8.296966552734375e-05 0.098
30 934.3362925625305 55325.66298863801 9.012222290039062e-05 0.098
31 1203.8806802723827 72493.40306187628 6.985664367675781e-05 0.098
32 1517.4386848856855 91115.75725475083 6.508827209472656e-05 0.098
33 1934.3936066380782 132302.3384298895 8.797645568847656e-05 0.098
34 3236.3744838730363 218609.5536965658 8.797645568847656e-05 0.098
35 5003.377725896349 266428.5959257977 0.00010538101196289062 0.098
36 5473.419328359529 403121.2427654921 8.702278137207031e-05 0.098
37 8549.04311221989 515057.38821582566 0.00012993812561035156 0.098
38 14936.513221832609 761428.5739342715 9.083747863769531e-05 0.098
39 20588.887435138633 1014863.4187259024 9.012222290039062e-05 0.098
40 26603.069470615264 1583844.6760029325 6.413459777832031e-05 0.098
41 38078.91911332824 2058814.6959624675 5.698204040527344e-05 0.098
42 53222.22785587847 3009006.3270499096 8.821487426757812e-05 0.098
43 77983.72639763309 4106902.2979052546 0.00015997886657714844 0.098
44 100901.16872460715 5848237.9861505525 8.702278137207031e-05 0.098
45 122330.88299166899 8255386.352313913 8.797645568847656e-05 0.098
46 195125.27967381605 10977542.628838511 8.869171142578125e-05 0.098
47 297087.47995401436 15747054.376344094 8.58306884765625e-05 0.098
48 444905.1319037378 24359931.009486176 9.179115295410156e-05 0.098
49 542146.4965053464 29558312.4633688 0.00010204315185546875 0.098
50 783979.7568221708 41857176.62970178 9.012222290039062e-05 0.098
51 1013778.8925021398 62276010.56037095 9.489059448242188e-05 0.098
52 1126088.0194331212 83936884.68388243 7.82012939453125e-05 0.098
53 1849725.0750418857 117527503.34537448 8.273124694824219e-05 0.098
54 2876707.8477871027 172989919.7799248 0.0003790855407714844 0.098
55 4373003.506155034 228776814.3056125 0.0001049041748046875 0.098
56 4250544.770879516 307608321.13455087 0.00013518333435058594 0.098
57 5771559.472391227 450351695.67750174 6.103515625e-05 0.098
58 9140427.79159167 614507955.9448408 5.602836608886719e-05 0.098
59 12648150.203962153 973614588.3779846 5.698204040527344e-05 0.098
60 22487257.25456256 1299962870.1581817 5.602836608886719e-05 0.098
61 34631527.52802202 1777783538.9692354 8.916854858398438e-05 0.098
62 35560864.21900385 2476593451.2759085 6.818771362304688e-05 0.098
63 48829996.40747003 3417568326.618602 6.198883056640625e-05 0.098
64 84812750.6997321 4492832716.788996 0.0002338886260986328 0.098
65 135486297.8573142 6452031954.246262 6.4849853515625e-05 0.098
66 167478203.5563768 9579837567.949394 8.58306884765625e-05 0.098
67 216013944.89299875 13814216996.183931 7.033348083496094e-05 0.098
68 328537524.7349686 17671749068.47122 6.604194641113281e-05 0.098
69 480585108.8431025 27043970653.66007 7.104873657226562e-05 0.098
70 521608524.21386224 35440531920.460976 7.081031799316406e-05 0.098
71 796233984.6604878 49768133021.35866 6.413459777832031e-05 0.098
72 1065288022.9990329 68585568010.78136 6.198883056640625e-05 0.098
73 1985961380.6827195 98824438126.07634 6.079673767089844e-05 0.098
74 2289621186.9423704 133534130620.61397 8.511543273925781e-05 0.098
75 3589765238.1612115 192752887757.91293 0.0001201629638671875 0.098
76 3609838800.352272 249993058445.75323 5.984306335449219e-05 0.098
77 6988536342.44867 392258423398.33685 6.29425048828125e-05 0.098
78 9389084208.615568 565030444517.7644 5.698204040527344e-05 0.098
79 8939528264.948593 737818788714.0118 5.817413330078125e-05 0.098
80 17534827829.276108 1048977420371.9097 5.817413330078125e-05 0.098
81 25019432460.62031 1411547076458.5535 5.91278076171875e-05 0.098
82 34507205719.9621 2105549068567.9023 5.817413330078125e-05 0.098
83 37658739134.50783 2846076751604.021 5.7220458984375e-05 0.098
84 81873543800.98892 3843344260398.4175 5.6743621826171875e-05 0.098
85 84215356692.00565 5908534708206.022 5.698204040527344e-05 0.098
86 133000301628.72299 7726536935347.597 7.081031799316406e-05 0.098
87 224567520919.04987 11431797296661.994 8.511543273925781e-05 0.098
88 257314004714.11658 15522107871577.166 7.510185241699219e-05 0.098
89 360057930526.4693 22262912046425.844 6.580352783203125e-05 0.098
90 483138951447.4726 28934736109852.39 7.200241088867188e-05 0.098
91 547642467461.4067 41303893164838.29 0.00010585784912109375 0.098
92 901781528848.1686 60284128743375.45 6.079673767089844e-05 0.098
93 1523384720708.3083 86492291770448.6 5.7697296142578125e-05 0.098
94 1848886098224.1956 112168756958785.58 5.7697296142578125e-05 0.098
95 2951094302358.0713 172984457198867.56 5.7220458984375e-05 0.098
96 3779248233850.1533 221948800293030.2 5.602836608886719e-05 0.098
97 5013499388101.974 330718439503622.8 6.079673767089844e-05 0.098
98 8034969940685.775 440638981664579.94 5.602836608886719e-05 0.098
99 12025784457835.965 670428187895202.6 5.6743621826171875e-05 0.098
100 11363629928229.219 793305221203700.0 5.6743621826171875e-05 0.098
101 16003457696504.588 1198364275396532.2 5.7220458984375e-05 0.098
102 26130659984472.617 1598001125393380.2 5.507469177246094e-05 0.098
103 40140185487595.28 2380020172841795.0 5.7697296142578125e-05 0.098
104 52376232657784.33 3653152165030530.0 0.0001010894775390625 0.098
105 93833023583181.03 5151804105803433.0 5.7220458984375e-05 0.098
106 127482822318798.62 6649887578081307.0 5.817413330078125e-05 0.098
107 131200827390249.75 9666822597674178.0 5.817413330078125e-05 0.098
108 172692558514652.7 1.3599089252195886e+16 5.602836608886719e-05 0.098
109 286962853717588.94 1.884368617879711e+16 5.626678466796875e-05 0.098
110 368922066869527.7 2.5477527968333692e+16 6.103515625e-05 0.098
111 876932255268375.2 3.3478316433448516e+16 7.700920104980469e-05 0.098
112 784026738165386.6 5.456690775639133e+16 5.817413330078125e-05 0.098
113 1182780993550385.2 6.981762066115174e+16 5.698204040527344e-05 0.098
114 1288565779140559.2 9.555587910721006e+16 5.6743621826171875e-05 0.098
115 2291020987129192.0 1.4039228079377739e+17 5.7220458984375e-05 0.098
116 3873393059415339.0 2.009624778893784e+17 5.412101745605469e-05 0.098
117 5036562262013368.0 2.8785296937378333e+17 5.602836608886719e-05 0.098
118 6395282614437143.0 3.665564951160076e+17 5.7220458984375e-05 0.098
119 1.0669103498884494e+16 5.41275149793829e+17 5.7220458984375e-05 0.098
120 1.48612310040473e+16 7.803944281226783e+17 5.6743621826171875e-05 0.098
121 1.9390925645870716e+16 1.0449209927671756e+18 5.7697296142578125e-05 0.098
122 2.0582657200022336e+16 1.4496044897150172e+18 8.0108642578125e-05 0.098
123 3.735280030152413e+16 2.0155512802177178e+18 5.91278076171875e-05 0.098
124 4.893409877061937e+16 2.7567910678402785e+18 5.6743621826171875e-05 0.098
125 7.489963533354752e+16 4.220669194834022e+18 5.6743621826171875e-05 0.098
126 9.316625743479211e+16 5.421974607392728e+18 5.626678466796875e-05 0.098
127 1.2601899176148912e+17 7.80337214118377e+18 5.7220458984375e-05 0.098
128 2.020699330850662e+17 1.0489807459952187e+19 6.103515625e-05 0.098
129 2.8051743631860912e+17 1.4946946840968368e+19 6.508827209472656e-05 0.098
130 3.818996166678577e+17 2.1028403011995402e+19 5.984306335449219e-05 0.098
131 3.5405513393113696e+17 2.9546303109172355e+19 5.626678466796875e-05 0.098
132 6.733424873417187e+17 4.002963912911922e+19 5.7220458984375e-05 0.098
133 1.0474542659180732e+18 5.789536271431848e+19 5.507469177246094e-05 0.098
134 1.39128840861126e+18 8.196149701864281e+19 5.602836608886719e-05 0.098
135 2.1280982770964557e+18 1.0870683910771053e+20 6.103515625e-05 0.098
136 2.677113998982322e+18 1.6982772994079926e+20 5.6743621826171875e-05 0.098
137 3.075467399298785e+18 2.2288256687736213e+20 5.817413330078125e-05 0.098
138 6.054523324613272e+18 3.205963786130095e+20 5.7220458984375e-05 0.098
139 8.834033374712012e+18 4.153635077661027e+20 8.702278137207031e-05 0.098
140 1.0234335699718992e+19 6.367120685503341e+20 0.00011372566223144531 0.098
141 1.4618510986631916e+19 9.169192479675799e+20 6.29425048828125e-05 0.098
142 1.818313308817734e+19 1.1278837510331788e+21 5.602836608886719e-05 0.098
143 2.9510182666274177e+19 1.7489504103972028e+21 5.507469177246094e-05 0.098
144 5.1512726135982825e+19 2.3819986519640863e+21 5.698204040527344e-05 0.098
145 4.849630678492147e+19 3.323489804604239e+21 5.5789947509765625e-05 0.098
146 8.608927575729968e+19 4.6567131512471667e+21 6.079673767089844e-05 0.098
147 8.753547736449822e+19 6.658252429401729e+21 6.604194641113281e-05 0.098
148 1.6415061395325737e+20 1.0002412924296711e+22 5.984306335449219e-05 0.098
149 2.258284000956778e+20 1.2712839007682244e+22 5.7220458984375e-05 0.098
150 2.813325357177668e+20 1.7453677398139395e+22 5.5789947509765625e-05 0.098
