1 -1.7238247878346342 1.6939578941974596 8.0108642578125e-05 0.098
2 -1.5812865028816756 1.638732536283636 7.510185241699219e-05 0.098
3 -1.6251078651621407 1.733026692526779 8.106231689453125e-05 0.098
4 -1.8088678878586488 1.6014459299986843 7.915496826171875e-05 0.098
5 -1.6306592440570642 1.7283479565743365 7.510185241699219e-05 0.098
6 -1.674436405846678 1.7919379646625064 8.416175842285156e-05 0.098
7 -1.6833851220593796 1.6051250488966204 6.580352783203125e-05 0.098
8 -1.7007563782052582 1.7132937773003543 8.20159912109375e-05 0.098
9 -1.5802370051697034 1.5730631205880286 7.081031799316406e-05 0.098
10 -1.4773904899353658 1.5420796771280514 6.508827209472656e-05 0.098
11 -1.649213084590641 1.6502359313619663 6.318092346191406e-05 0.098
12 -1.5891574387766265 1.5590186379371986 7.510185241699219e-05 0.098
13 -1.6934381385609791 1.6307482205704642 7.224082946777344e-05 0.098
14 -1.6696625024353942 1.7511042065330193 7.414817810058594e-05 0.098
15 -1.6651946980386028 1.541481752031419 9.703636169433594e-05 0.098
16 -1.5453049016364009 1.8065354026369846 0.00010013580322265625 0.098
17 -1.6392234791593365 1.742371257979174 0.00011110305786132812 0.098
18 -1.7815281114088153 1.486893665996209 9.632110595703125e-05 0.098
19 -1.792828955442734 1.6692298032385255 6.699562072753906e-05 0.098
20 -1.700165795195365 1.6404420481661592 0.0001010894775390625 0.098
21 -1.5490929055197797 1.755556173445914 9.107589721679688e-05 0.098
22 -1.6116707637975365 1.5809173277482471 0.00011324882507324219 0.098
23 -1.6560111684777208 1.5898899912332698 0.00010800361633300781 0.098
24 -1.729295217977055 1.7620262849516493 0.0003802776336669922 0.098
25 -1.6649512346832613 1.7697141366656137 7.295608520507812e-05 0.098
26 -1.6616251711974128 1.5647414225473046 6.29425048828125e-05 0.098
27 -1.6263306313898047 1.6794788246412342 5.698204040527344e-05 0.098
28 -1.521036411950704 1.6373551475687633 0.0005028247833251953 0.098
29 -1.561215372732601 1.6344123815055456 0.00011086463928222656 0.098
30 -1.7390937550798409 1.617133669123856 0.00013208389282226562 0.098
31 -1.621076462180769 1.6209383352146367 0.00010085105895996094 0.098
32 -1.8137456835440742 1.6560078421033413 9.512901306152344e-05 0.098
33 -1.5371996123886955 1.5048181318988836 6.794929504394531e-05 0.098
34 -1.6890073045849114 1.6273555936314006 7.009506225585938e-05 0.098
35 -1.5444103312560318 1.6059184514667975 8.797645568847656e-05 0.098
36 -1.7205465155704252 1.7659430646472332 8.893013000488281e-05 0.098
37 -1.639670510799646 1.6404549437211957 8.606910705566406e-05 0.098
38 -1.8081250391846606 1.5778883303436269 9.918212890625e-05 0.098
39 -1.611736100856458 1.7402622784638346 0.0002732276916503906 0.098
40 -1.6791741185317886 1.643648131673302 9.489059448242188e-05 0.098
41 -1.6436964268457992 1.6176832829510814 0.0001480579376220703 0.098
42 -1.6616553362573994 1.6687055346938606 7.390975952148438e-05 0.098
43 -1.8092887923271816 1.5317441277145687 6.508827209472656e-05 0.098
44 -1.6745317350174427 1.5424457115925567 5.817413330078125e-05 0.098
45 -1.678663441994258 1.7311978207799203 6.008148193359375e-05 0.098
46 -1.6513019491299692 1.630343277213243 6.318092346191406e-05 0.098
47 -1.6435352885978725 1.642072630761952 6.4849853515625e-05 0.098
48 -1.6178783274056194 1.8134032754270237 6.29425048828125e-05 0.098
49 -1.6392252220745507 1.6660717242129426 6.127357482910156e-05 0.098
50 -1.79739491531844 1.749615026669552 6.198883056640625e-05 0.098
51 -1.622995882257451 1.5424071642101915 6.914138793945312e-05 0.098
52 -1.6658282284463433 1.7167925650105473 6.222724914550781e-05 0.098
53 -1.6966918352213416 1.6828887521001676 6.604194641113281e-05 0.098
54 -1.617019114843565 1.8106880352421724 6.103515625e-05 0.098
55 -1.6848977963057987 1.7514695758920926 5.7697296142578125e-05 0.098
56 -1.758315739194806 1.6658030162844446 9.202957153320312e-05 0.098
57 -1.6175780054970508 1.667445926534162 6.818771362304688e-05 0.098
58 -1.7121360969950952 1.5904456110192478 6.318092346191406e-05 0.098
59 -1.5439002843559326 1.6262318998374852 6.079673767089844e-05 0.098
60 -1.5790956649019967 1.5501982985025795 5.698204040527344e-05 0.098
61 -1.6091487642169153 1.6559011965975614 5.817413330078125e-05 0.098
62 -1.5601519136794542 1.590962953425495 5.817413330078125e-05 0.098
63 -1.605813539581726 1.5293762514813092 5.793571472167969e-05 0.098
64 -1.722748996461301 1.5393699477833385 9.918212890625e-05 0.098
65 -1.64698889728524 1.5937948917137157 8.916854858398438e-05 0.098
66 -1.5871737071875573 1.613037169644634 9.393692016601562e-05 0.098
67 -1.6391683532175534 1.5020590379903935 0.0001239776611328125 0.098
68 -1.6906082359318066 1.5854615689580314 7.390975952148438e-05 0.098
69 -1.7422507841322727 1.6130409020751713 9.608268737792969e-05 0.098
70 -1.637482801406414 1.6095467224791562 6.103515625e-05 0.098
71 -1.7126085730704022 1.5788034619406488 5.793571472167969e-05 0.098
72 -1.697345277368195 1.6613975591690988 5.817413330078125e-05 0.098
73 -1.6577113619675727 1.6104892480306994 0.0006320476531982422 0.098
74 -1.707624504440819 1.5802823817729372 9.107589721679688e-05 0.098
75 -1.6541626966266731 1.5825157972466526 0.00038313865661621094 0.098
76 -1.6523689266601236 1.7024995575850679 6.699562072753906e-05 0.098
77 -1.567518264136166 1.6605305963611516 9.584426879882812e-05 0.098
78 -1.6598211870474018 1.6908317664226498 8.702278137207031e-05 0.098
79 -1.7349798904173568 1.6424906277140097 7.200241088867188e-05 0.098
80 -1.6869463516031045 1.60301216262265 5.888938903808594e-05 0.098
81 -1.601457519304804 1.6982633170972588 6.103515625e-05 0.098
82 -1.6746454489661629 1.682501736465826 0.00013899803161621094 0.098
83 -1.5448363493236865 1.6636942663799517 0.0002989768981933594 0.098
84 -1.789386720731177 1.487074078892982 9.298324584960938e-05 0.098
85 -1.714047818074516 1.5987857120762206 9.202957153320312e-05 0.098
86 -1.7045432226083845 1.5518667930467323 8.7738037109375e-05 0.098
87 -1.6728752303799412 1.6776186715804378 9.894371032714844e-05 0.098
88 -1.6859507877793036 1.6571965534499131 0.00011181831359863281 0.098
89 -1.7019063753540922 1.7011394188316202 9.822845458984375e-05 0.098
90 -1.6424110220079777 1.5748127178067375 8.511543273925781e-05 0.098
91 -1.6454190112427305 1.6503106177112812 9.179115295410156e-05 0.098
92 -1.6453696630146968 1.566749183588148 9.799003601074219e-05 0.098
93 -1.5227540224661529 1.7320806734316385 9.870529174804688e-05 0.098
94 -1.7057696514097371 1.710258433977444 8.20159912109375e-05 0.098
95 -1.5768462935381706 1.519174332392434 9.322166442871094e-05 0.098
96 -1.523786553524473 1.598901480466014 6.198883056640625e-05 0.098
97 -1.6241285388750897 1.6758888118567214 5.817413330078125e-05 0.098
98 -1.6197795339495606 1.6143116167864715 5.6743621826171875e-05 0.098
99 -1.6259491618601714 1.6307374734277957 5.626678466796875e-05 0.098
100 -1.6052321768627371 1.6808615731604715 0.0001201629638671875 0.098
101 -1.6879853472219837 1.604768508030656 7.510185241699219e-05 0.098
102 -1.6799398747598833 1.7503994714096567 9.608268737792969e-05 0.098
103 -1.4698024692289364 1.653677650764589 8.821487426757812e-05 0.098
104 -1.7187662680133988 1.618651600242499 0.00014090538024902344 0.098
105 -1.5259292539027995 1.6856645058582556 5.698204040527344e-05 0.098
106 -1.7070664306759655 1.6114171305072313 5.817413330078125e-05 0.098
107 -1.5483354454512592 1.7169265047816662 6.127357482910156e-05 0.098
108 -1.6793925151067193 1.6207060525740355 7.772445678710938e-05 0.098
109 -1.7263256469706123 1.553397217162211 6.508827209472656e-05 0.098
110 -1.7500084452407731 1.686505550784288 6.580352783203125e-05 0.098
111 -1.6585177775774707 1.4767605307797425 9.703636169433594e-05 0.098
112 -1.670784946064662 1.7401814933622508 8.797645568847656e-05 0.098
113 -1.7505074931105056 1.6118233048367174 9.512901306152344e-05 0.098
114 -1.6139604994035024 1.6181355117840557 8.0108642578125e-05 0.098
115 -1.6250565652366842 1.6596813069893603 6.985664367675781e-05 0.098
116 -1.6770225082341015 1.637181432892995 8.20159912109375e-05 0.098
117 -1.6183359506492483 1.706537072899441 7.200241088867188e-05 0.098
118 -1.692694507804215 1.6853176330166397 5.936622619628906e-05 0.098
119 -1.5144021101652845 1.570807895692305 5.817413330078125e-05 0.098
120 -1.779944060054859 1.5282225412455515 5.602836608886719e-05 0.098
121 -1.683271151998555 1.5236030975296995 7.295608520507812e-05 0.098
122 -1.6090820058949031 1.6977617068807955 9.012222290039062e-05 0.098
123 -1.734670726182704 1.5759076920037927 9.179115295410156e-05 0.098
124 -1.610444822176071 1.5690615564023165 9.298324584960938e-05 0.098
125 -1.5515823184513253 1.6422846078158233 9.822845458984375e-05 0.098
126 -1.6600039352573106 1.6854849307678295 6.604194641113281e-05 0.098
127 -1.5734367749164024 1.526762247091608 6.389617919921875e-05 0.098
128 -1.6579864136535254 1.5596436478903104 5.91278076171875e-05 0.098
129 -1.6281284995640772 1.7353461124481786 8.487701416015625e-05 0.098
130 -1.5279996926593544 1.735665475313791 0.0004773139953613281 0.098
131 -1.8183499503173362 1.5220527456580595 6.794929504394531e-05 0.098
132 -1.5875739648770153 1.676436574913711 6.29425048828125e-05 0.098
133 -1.6729415611132148 1.541242757471122 5.698204040527344e-05 0.098
134 -1.6320059926273516 1.5957562208096494 6.29425048828125e-05 0.098
135 -1.5438830226171831 1.584996556446845 9.298324584960938e-05 0.098
136 -1.6183164494438798 1.6580632017592611 0.0001533031463623047 0.098
137 -1.7109928217840278 1.6259021861508505 9.322166442871094e-05 0.098
138 -1.5321384079822253 1.7540789326109711 7.891654968261719e-05 0.098
139 -1.5226433665211663 1.5495835435719296 6.508827209472656e-05 0.098
140 -1.7462224709014407 1.629415321222195 5.888938903808594e-05 0.098
141 -1.5488616308494936 1.5989600397454766 7.486343383789062e-05 0.098
142 -1.5944358164633574 1.6638711589218371 6.008148193359375e-05 0.098
143 -1.6455760193437152 1.5550257929908964 0.0002110004425048828 0.098
144 -1.6298641838462489 1.5048635402179882 6.413459777832031e-05 0.098
145 -1.674446507301163 1.6037066061310363 6.67572021484375e-05 0.098
146 -1.708719930244242 1.6115936633939376 6.604194641113281e-05 0.098
147 -1.5762360148522232 1.607958822893954 5.698204040527344e-05 0.098
148 -1.5979497231401354 1.6418515388107526 8.797645568847656e-05 0.098
149 -1.7364980253233337 1.7014558711211423 6.198883056640625e-05 0.098
150 -1.6937894851260507 1.5305574691579902 6.413459777832031e-05 0.098
