1 0.0058039832986189754 0.9972714142406119 0.00014209747314453125 0.009
2 0.004386209449574796 0.9949970949935631 5.793571472167969e-05 0.009
3 0.005603017178204217 0.9922594550550959 6.389617919921875e-05 0.009
4 0.004162893153292213 0.9928543327926193 6.4849853515625e-05 0.009
5 0.0069438531175994855 0.9942133398158446 7.200241088867188e-05 0.009
6 0.009247619109545635 0.9976717030962037 5.0067901611328125e-05 0.009
7 0.004354794339469725 0.9945429942869494 4.792213439941406e-05 0.009
8 0.0031037114639983487 0.9923610370498567 4.8160552978515625e-05 0.009
9 0.014633430800173874 0.993919794118 0.00011014938354492188 0.009
10 0.003032018505236933 0.9962248362401731 8.893013000488281e-05 0.009
11 0.006324001229367937 0.9953291619610404 5.6743621826171875e-05 0.009
12 0.004426095474578506 0.9917198725717734 5.316734313964844e-05 0.009
13 0.005551390042258353 0.9955885580097382 5.078315734863281e-05 0.009
14 0.0050317053613179175 0.9967308166499055 4.887580871582031e-05 0.009
15 0.006344979919722493 0.9983075741341685 4.935264587402344e-05 0.009
16 0.0028360220240324363 0.996110623176717 4.887580871582031e-05 0.009
17 0.006082429547368373 0.9940184942874934 4.887580871582031e-05 0.009
18 0.006259756001939176 0.9971925472925204 5.0067901611328125e-05 0.009
19 0.005468072869150187 0.9912163777866453 4.792213439941406e-05 0.009
20 0.007813015470201856 0.9963156924613047 6.222724914550781e-05 0.009
21 0.001775082923581306 0.9956427858013961 4.982948303222656e-05 0.009
22 0.006363956516342473 0.9954882835151088 4.792213439941406e-05 0.009
23 0.004534575797236262 0.9912102359245081 5.1975250244140625e-05 0.009
24 0.006536241468076187 0.9926427450272145 5.1975250244140625e-05 0.009
25 0.00835763903568909 0.9973644280986281 5.2928924560546875e-05 0.009
26 0.0042516180744239795 0.9961684210615427 5.2928924560546875e-05 0.009
27 0.009401464247775992 0.9911636712027143 5.0067901611328125e-05 0.009
28 0.008820872215113296 0.9905864957855113 4.8160552978515625e-05 0.009
29 0.0073582027562505425 0.9966797043676082 4.9114227294921875e-05 0.009
30 0.0025842667920061846 0.9965474280126403 4.8160552978515625e-05 0.009
31 0.005075909050060945 0.9967109208907428 4.8160552978515625e-05 0.009
32 0.001465008435580506 0.9973595871071158 4.887580871582031e-05 0.009
33 0.007164813962380778 0.9951216556040936 6.914138793945312e-05 0.009
34 0.0057795151183387405 0.9965619288395329 0.00011706352233886719 0.009
35 0.003828138766122091 0.9921813740843058 4.887580871582031e-05 0.009
36 0.006740074239535043 0.9958561814122148 4.696846008300781e-05 0.009
37 0.0017869761137480067 0.9976354783767332 4.9114227294921875e-05 0.009
38 0.010268992802532906 0.9906021715929001 8.296966552734375e-05 0.009
39 0.0052700473811553294 0.9966907822731587 4.887580871582031e-05 0.009
40 0.00782890205316955 0.9887351535528086 4.887580871582031e-05 0.009
41 0.0065443802569669085 0.9962026429032447 4.76837158203125e-05 0.009
42 0.0069909339371662105 0.9979488355936346 4.887580871582031e-05 0.009
43 0.003836005933185227 0.9908073056732603 4.9114227294921875e-05 0.009
44 0.00597293756902495 0.997277253992606 4.887580871582031e-05 0.009
45 0.007771345294226517 0.9948357961394383 4.792213439941406e-05 0.009
46 0.003691759681720752 0.9960471953698762 4.792213439941406e-05 0.009
47 0.006011075506568986 0.9918003940215269 5.0067901611328125e-05 0.009
48 0.0038363248221100488 0.9966795844980965 4.887580871582031e-05 0.009
49 0.008332151916394581 0.995772001983976 6.604194641113281e-05 0.009
50 0.006630544524583559 0.9924096857029234 0.0001609325408935547 0.009
51 0.010797934592218561 0.9919016941087894 5.0067901611328125e-05 0.009
52 0.003890141589198648 0.9912096975759594 4.8160552978515625e-05 0.009
53 0.004706480123381596 0.99371728166632 4.887580871582031e-05 0.009
54 0.006113960915300698 0.9883725877029819 4.673004150390625e-05 0.009
55 0.003517746832240598 0.9946928193900115 4.9114227294921875e-05 0.009
56 0.0036690495855388194 0.9942593996210661 4.935264587402344e-05 0.009
57 0.004807922708902623 0.9976181801846263 5.0067901611328125e-05 0.009
58 0.007596034150855524 0.9942122987936282 4.9114227294921875e-05 0.009
59 0.005964983465223339 0.9980858469262704 4.887580871582031e-05 0.009
60 0.007885425451012007 0.9963572253884079 5.1021575927734375e-05 0.009
61 0.004899456540106706 0.9935763216209514 4.887580871582031e-05 0.009
62 0.004699160068739272 0.9955475144663127 4.887580871582031e-05 0.009
63 0.00953995929960727 0.9947008931199478 4.887580871582031e-05 0.009
64 0.0034022470636184687 0.9954233115032781 4.9114227294921875e-05 0.009
65 0.008557528757757393 0.9972857371077962 5.888938903808594e-05 0.009
66 0.00486357915890423 0.9901568546145485 7.700920104980469e-05 0.009
67 0.005633261376993159 0.9973055027122122 6.794929504394531e-05 0.009
68 0.008500323288142764 0.9962096861234381 4.9114227294921875e-05 0.009
69 0.003325764676910481 0.9964559109553649 4.982948303222656e-05 0.009
70 0.005270764307139686 0.9973677608948858 4.9114227294921875e-05 0.009
71 0.003524626818728227 0.9959651631249407 4.792213439941406e-05 0.009
72 0.006786593568184673 0.9962218632921468 4.887580871582031e-05 0.009
73 0.005580417383260761 0.9958879776890268 4.887580871582031e-05 0.009
74 0.00798945885534108 0.9966167429238895 4.982948303222656e-05 0.009
75 0.005242906118022472 0.9933914813515485 4.792213439941406e-05 0.009
76 0.0033981773424791584 0.9943101445960886 4.7206878662109375e-05 0.009
77 0.005418959913201626 0.9953651480817794 4.9114227294921875e-05 0.009
78 0.003564310207101018 0.9939329514161077 4.601478576660156e-05 0.009
79 0.0035647210962261866 0.9974085286590612 4.982948303222656e-05 0.009
80 0.003545334162592617 0.9958715641296583 4.935264587402344e-05 0.009
81 0.007444311095099687 0.990878718323287 6.198883056640625e-05 0.009
82 0.005553776842682212 0.9929415604471868 0.00011277198791503906 0.009
83 0.0039513639746878715 0.9946342386395929 7.677078247070312e-05 0.009
84 0.007172978101426031 0.9971501209308242 4.8160552978515625e-05 0.009
85 0.008952887666100584 0.9951100080518608 5.078315734863281e-05 0.009
86 0.005697433846435951 0.9985631442575175 4.9114227294921875e-05 0.009
87 0.005960251109543679 0.9980246413740707 4.696846008300781e-05 0.009
88 0.002948098349848993 0.9927464754355013 4.8160552978515625e-05 0.009
89 0.00855858275083754 0.9958750509050718 5.0067901611328125e-05 0.009
90 0.004281652617784015 0.9960692403811006 4.696846008300781e-05 0.009
91 0.010062902860765166 0.9952072360698322 5.078315734863281e-05 0.009
92 0.010052027865554702 0.9965492913223041 4.9114227294921875e-05 0.009
93 0.004818973132813431 0.9948801358130652 5.125999450683594e-05 0.009
94 0.007155026646768592 0.9961941800176823 4.982948303222656e-05 0.009
95 0.005189378969894909 0.9942788380486084 4.8160552978515625e-05 0.009
96 0.006539503828004056 0.996294799394053 4.982948303222656e-05 0.009
97 0.001609618062485385 0.9947717815781791 5.0067901611328125e-05 0.009
98 0.0094797792925565 0.9981331031208198 4.887580871582031e-05 0.009
99 0.0038818825353170716 0.9940501485330538 4.792213439941406e-05 0.009
100 0.0036358885572602695 0.9945386126328706 4.935264587402344e-05 0.009
101 0.008583373565989594 0.9938782733865542 6.890296936035156e-05 0.009
102 0.007479866925086509 0.9957977583058751 4.8160552978515625e-05 0.009
103 0.00938285037186104 0.9960400827611742 4.8160552978515625e-05 0.009
104 0.005295857384943536 0.9963268403329092 4.792213439941406e-05 0.009
105 0.006009363023001146 0.9958690661302757 4.76837158203125e-05 0.009
106 0.0029374696603052808 0.9949105113932569 4.7206878662109375e-05 0.009
107 0.006728044011884204 0.9923234637765946 4.9114227294921875e-05 0.009
108 0.005504185488367397 0.9922244171720952 4.935264587402344e-05 0.009
109 0.005093643563174766 0.9967484053938626 4.8160552978515625e-05 0.009
110 0.006888566234656168 0.995791624330955 4.887580871582031e-05 0.009
111 0.010387810292651456 0.9916173278066942 4.673004150390625e-05 0.009
112 0.006147938635158501 0.9957703494121316 4.9114227294921875e-05 0.009
113 0.006772296271454148 0.9937132827375366 4.887580871582031e-05 0.009
114 0.004784994640741447 0.9984375313485578 0.00010228157043457031 0.009
115 0.0030546200307582927 0.9920577514062829 5.2928924560546875e-05 0.009
116 0.0042174813208594175 0.9936925442410903 4.9114227294921875e-05 0.009
117 0.005701321433909667 0.9979994301341449 4.8160552978515625e-05 0.009
118 0.004590248176547407 0.994547690061376 5.0067901611328125e-05 0.009
119 0.002205508974448822 0.9935749241281467 5.2928924560546875e-05 0.009
120 0.006523922190829534 0.9963965157625874 4.887580871582031e-05 0.009
121 0.008136139477565862 0.9942388699205367 4.76837158203125e-05 0.009
122 0.0048487761563419385 0.993449636863513 4.8160552978515625e-05 0.009
123 0.005505980690802881 0.9914622710108144 4.9114227294921875e-05 0.009
124 0.005914767278061839 0.9938799390150976 4.887580871582031e-05 0.009
125 0.005127386271278622 0.9943463356356139 4.8160552978515625e-05 0.009
126 0.0017725284800378382 0.9937559064909235 4.76837158203125e-05 0.009
127 0.01043129855405911 0.9946154155722194 4.673004150390625e-05 0.009
128 0.0032807321815545576 0.9968811712161256 4.792213439941406e-05 0.009
129 0.005481562344700874 0.9896428517974944 4.76837158203125e-05 0.009
130 0.004293324162970458 0.9963259463194014 4.76837158203125e-05 0.009
131 0.004917281861880007 0.9984556971052384 4.792213439941406e-05 0.009
132 0.00444657895608247 0.9938065764132564 4.887580871582031e-05 0.009
133 0.0038738954039448936 0.9953680870001463 4.792213439941406e-05 0.009
134 0.008577442263073998 0.9962398827387275 4.696846008300781e-05 0.009
135 0.004650147682493722 0.9957389448959065 4.8160552978515625e-05 0.009
136 0.010156139825005628 0.9969813652258906 4.982948303222656e-05 0.009
137 0.006543041522942938 0.9965750331782216 4.9114227294921875e-05 0.009
138 0.007562490366355368 0.9942978028886844 6.222724914550781e-05 0.009
139 0.0038133687494167345 0.9928439723059457 5.0067901611328125e-05 0.009
140 0.003185651098118303 0.992290717425915 4.8160552978515625e-05 0.009
141 0.009537172346869682 0.9942545795372695 4.8160552978515625e-05 0.009
142 0.0027190999083158696 0.9978186640849733 4.696846008300781e-05 0.009
143 0.005128260586210964 0.9951954824657961 4.792213439941406e-05 0.009
144 0.005969589449169255 0.9926139921343373 4.9114227294921875e-05 0.009
145 0.005453284377613166 0.9962090625523674 4.9114227294921875e-05 0.009
146 0.0086683543153101 0.988838919142105 4.76837158203125e-05 0.009
147 0.009891116130692157 0.9923565593944482 4.696846008300781e-05 0.009
148 0.008023863077583848 0.9940980520364552 4.887580871582031e-05 0.009
149 0.007288300018505889 0.9924287440213302 9.489059448242188e-05 0.009
150 0.01051082967068917 0.9938038285448827 4.887580871582031e-05 0.009
