1 -2.4637876558600142 2.48200781110647 0.0001327991485595703 0.009
2 -2.631247743855572 2.230983076741485 5.7697296142578125e-05 0.009
3 -2.5750275286764794 2.7122718979508367 5.888938903808594e-05 0.009
4 -2.640504285491684 2.4964288213682377 5.984306335449219e-05 0.009
5 -2.361328201673795 2.543291564144367 5.793571472167969e-05 0.009
6 -2.687721260163755 2.794602391806583 5.459785461425781e-05 0.009
7 -2.531947745206119 2.4027895018551093 5.1021575927734375e-05 0.009
8 -2.6311829692027295 2.587500569107774 9.012222290039062e-05 0.009
9 -2.324655317387516 2.5226452249313582 4.935264587402344e-05 0.009
10 -2.666204996505499 2.391787939031045 4.982948303222656e-05 0.009
11 -2.6692062476373586 2.475402038128047 4.9114227294921875e-05 0.009
12 -2.5853300436699396 2.4196247586283195 5.2928924560546875e-05 0.009
13 -2.6825252652355775 2.7742921869664285 5.1021575927734375e-05 0.009
14 -2.7426498059386497 2.4136683717643357 4.982948303222656e-05 0.009
15 -2.340334896257492 2.81174370973305 7.605552673339844e-05 0.009
16 -2.5866423785976607 2.7666972051071377 6.985664367675781e-05 0.009
17 -2.41506083897069 2.806154037085255 6.604194641113281e-05 0.009
18 -2.9286105850630966 2.344627604313028 7.390975952148438e-05 0.009
19 -2.535002736085483 2.8308715364522277 5.1021575927734375e-05 0.009
20 -2.58927918570672 2.6806605256620872 7.605552673339844e-05 0.009
21 -2.35598565327338 2.7358287755156567 6.890296936035156e-05 0.009
22 -2.7673052726853467 2.536759409542004 9.489059448242188e-05 0.009
23 -2.5928572379559016 2.5043029568197657 7.295608520507812e-05 0.009
24 -2.6071261605853415 2.449172092982968 8.177757263183594e-05 0.009
25 -2.767010389486553 2.638049532770425 5.221366882324219e-05 0.009
26 -2.438129235955308 2.6211411063061982 4.887580871582031e-05 0.009
27 -2.408547517181446 2.6789976627218075 4.887580871582031e-05 0.009
28 -2.220220738731515 2.7876843147185375 7.605552673339844e-05 0.009
29 -2.5300019437471106 2.5105246234660297 6.723403930664062e-05 0.009
30 -2.7375309953228553 2.38584334978695 0.00011587142944335938 0.009
31 -2.506419048644093 2.5288748317277414 7.891654968261719e-05 0.009
32 -2.515299401703912 2.619243297052265 6.4849853515625e-05 0.009
33 -2.399966267759974 2.3362117404033804 5.0067901611328125e-05 0.009
34 -2.7162265343689334 2.8941216303990522 5.0067901611328125e-05 0.009
35 -2.8183566588143334 2.515215048874904 6.508827209472656e-05 0.009
36 -2.3659441862249966 2.334838847319371 6.389617919921875e-05 0.009
37 -2.5389919741860285 2.4387833548821125 6.4849853515625e-05 0.009
38 -2.59657936848357 2.7660622324227773 6.699562072753906e-05 0.009
39 -2.4787230050941362 2.889157275813532 0.00048065185546875 0.009
40 -3.0695737609887503 2.902547046189229 7.009506225585938e-05 0.009
41 -2.239855587753975 2.5061461076659093 5.698204040527344e-05 0.009
42 -2.401065411221354 2.6002325416150693 5.1021575927734375e-05 0.009
43 -2.755174953732188 2.4563977357356577 4.982948303222656e-05 0.009
44 -2.8834407189073876 2.6407846324324447 5.3882598876953125e-05 0.009
45 -2.4951160466814613 3.024727172164717 4.8160552978515625e-05 0.009
46 -2.7136939470142125 2.707415038740212 4.982948303222656e-05 0.009
47 -2.7408496640381443 2.666928755698887 4.9114227294921875e-05 0.009
48 -2.597184102242027 2.530068171468948 4.887580871582031e-05 0.009
49 -2.5007532307643117 2.584097542051843 4.982948303222656e-05 0.009
50 -2.8125796720652825 2.7013553731596764 4.887580871582031e-05 0.009
51 -2.4952490338980495 2.566742811675533 5.1975250244140625e-05 0.009
52 -2.6440321259017723 2.700256186126252 4.887580871582031e-05 0.009
53 -2.4298480948314727 2.7223585793402285 5.0067901611328125e-05 0.009
54 -2.3213103794027474 2.817197460010634 4.887580871582031e-05 0.009
55 -2.4704960392520197 2.5590300110090904 4.8160552978515625e-05 0.009
56 -2.6239588939227674 2.8536320249579292 7.510185241699219e-05 0.009
57 -2.476476231028162 2.607344670301203 4.887580871582031e-05 0.009
58 -2.7698465238828405 2.835591512531126 4.887580871582031e-05 0.009
59 -2.2774102443735043 2.890528734703904 4.9114227294921875e-05 0.009
60 -2.4895088525960762 2.497508828907332 5.0067901611328125e-05 0.009
61 -2.2729550909803193 2.4748181894399934 4.982948303222656e-05 0.009
62 -2.559464024552735 2.488459518333482 4.887580871582031e-05 0.009
63 -2.375121414334854 2.4304200866365706 5.0067901611328125e-05 0.009
64 -2.438829830622703 2.570137673964584 7.081031799316406e-05 0.009
65 -2.425822178845121 2.6209959997142747 6.604194641113281e-05 0.009
66 -2.7653566919531687 2.3644757532047054 7.200241088867188e-05 0.009
67 -2.5508164785349847 2.4722960619220653 0.0001361370086669922 0.009
68 -2.478559180120774 2.7526588838437984 5.507469177246094e-05 0.009
69 -2.712505691466333 2.5641915126956842 7.200241088867188e-05 0.009
70 -2.463424546382053 2.6486596616830047 5.0067901611328125e-05 0.009
71 -2.692227018359529 2.458757785489534 4.792213439941406e-05 0.009
72 -2.7005943930870053 2.6173425651098707 4.887580871582031e-05 0.009
73 -2.4369944051010664 2.366026161344697 9.608268737792969e-05 0.009
74 -2.569342016647792 2.5348130884200084 7.176399230957031e-05 0.009
75 -2.531203288702479 2.484240214319547 0.0029058456420898438 0.009
76 -2.671356028316179 2.478384455572562 5.1975250244140625e-05 0.009
77 -2.6721616301629916 2.35510478320871 6.794929504394531e-05 0.009
78 -2.5981750674096085 2.766810791123056 5.3882598876953125e-05 0.009
79 -2.394768542966916 2.588144885910245 5.1975250244140625e-05 0.009
80 -2.5548466295227996 2.626494782545039 5.078315734863281e-05 0.009
81 -2.518545373317197 2.657349688210575 5.1975250244140625e-05 0.009
82 -2.8402435040753558 2.521532662595311 6.508827209472656e-05 0.009
83 -2.3660104604003034 2.4839717397603063 0.0004889965057373047 0.009
84 -2.778437098728256 2.3227868354561156 7.390975952148438e-05 0.009
85 -2.4483690712519683 2.470470085190721 6.604194641113281e-05 0.009
86 -2.749626024866751 2.4253593954799446 6.818771362304688e-05 0.009
87 -2.8121363645735866 2.597196013333317 7.605552673339844e-05 0.009
88 -2.3502453749943486 2.568667584005011 7.009506225585938e-05 0.009
89 -2.586499153667855 2.5365655677312136 7.295608520507812e-05 0.009
90 -2.418060746789454 2.5166687384404747 6.699562072753906e-05 0.009
91 -2.497122492857678 2.680507963489158 6.818771362304688e-05 0.009
92 -2.488169596577201 2.659774553531036 7.200241088867188e-05 0.009
93 -2.345926653749321 2.6255266385882505 7.295608520507812e-05 0.009
94 -2.6061959608606684 2.786225594662672 7.081031799316406e-05 0.009
95 -2.4951312181175296 2.3466222173933398 7.104873657226562e-05 0.009
96 -2.529124427992269 2.4131487474770603 4.887580871582031e-05 0.009
97 -2.6745639785130013 2.8659499211950528 4.7206878662109375e-05 0.009
98 -2.365372020597513 2.9166900304248453 4.9114227294921875e-05 0.009
99 -2.7729329723553797 2.673701050553348 4.76837158203125e-05 0.009
100 -2.5512357612852186 2.674517394427735 7.081031799316406e-05 0.009
101 -2.3732177506285637 2.4019275065391006 6.67572021484375e-05 0.009
102 -2.591567140931236 2.5535735469960468 6.890296936035156e-05 0.009
103 -2.3526944858424037 2.569216129051106 7.200241088867188e-05 0.009
104 -2.5204178306925904 2.5258678933227436 6.29425048828125e-05 0.009
105 -2.4460799509560642 2.5347076586059725 6.794929504394531e-05 0.009
106 -2.656451895691161 2.926182856656449 4.887580871582031e-05 0.009
107 -2.2957031794257885 2.487766940930859 5.078315734863281e-05 0.009
108 -2.66233258149836 2.8731196696780583 6.723403930664062e-05 0.009
109 -2.4963962877053727 2.5401522764815585 5.2928924560546875e-05 0.009
110 -2.491534860784344 2.370667098086389 4.9114227294921875e-05 0.009
111 -2.531758645494969 2.6512259226223343 7.390975952148438e-05 0.009
112 -2.4229038663734057 2.8817963140969542 6.890296936035156e-05 0.009
113 -2.736318268396973 2.7832196972853076 7.009506225585938e-05 0.009
114 -2.5144176311240285 2.398953728106069 5.316734313964844e-05 0.009
115 -2.566459530910143 2.7777998463798577 5.3882598876953125e-05 0.009
116 -2.527979646168586 2.3923220519558908 6.29425048828125e-05 0.009
117 -2.533732411029511 2.556041175073589 6.008148193359375e-05 0.009
118 -2.5321878947342316 2.718432098470347 4.76837158203125e-05 0.009
119 -2.5355285506541696 2.494566721024637 4.792213439941406e-05 0.009
120 -2.4383893195175976 2.493260260212288 4.8160552978515625e-05 0.009
121 -2.5903004682230115 2.4412457050324283 6.29425048828125e-05 0.009
122 -2.283664210022121 2.69566421046954 6.604194641113281e-05 0.009
123 -2.6911726810398173 2.54731864884391 6.818771362304688e-05 0.009
124 -2.6489986857881185 2.2425020358461816 6.389617919921875e-05 0.009
125 -2.5520830181261296 2.4405510966005175 6.985664367675781e-05 0.009
126 -2.6420473341229007 2.758581798472485 5.2928924560546875e-05 0.009
127 -2.2698787385034267 2.539646035747423 5.030632019042969e-05 0.009
128 -2.519531293478737 2.752663754588508 4.9114227294921875e-05 0.009
129 -2.482722798209713 2.5756651896658704 7.104873657226562e-05 0.009
130 -2.4767572990165774 2.918942518347471 7.295608520507812e-05 0.009
131 -2.594052947645749 2.464166606780985 4.887580871582031e-05 0.009
132 -2.6189871934511353 2.6659448877641614 4.7206878662109375e-05 0.009
133 -2.6858462251022783 2.566499468004997 4.8160552978515625e-05 0.009
134 -2.480468385452851 2.537679482303997 6.103515625e-05 0.009
135 -2.3748334659656236 2.634148403409609 6.985664367675781e-05 0.009
136 -2.345055895213404 2.369056125449558 8.082389831542969e-05 0.009
137 -2.6909434722930694 2.5769775810323794 7.510185241699219e-05 0.009
138 -2.305934106706645 2.5717953530712765 6.4849853515625e-05 0.009
139 -2.467801083768985 2.708280196194748 5.078315734863281e-05 0.009
140 -2.818057296975335 2.453124752000611 4.9114227294921875e-05 0.009
141 -2.257500579382317 2.2729295153533564 6.318092346191406e-05 0.009
142 -2.553270547360892 2.764673811563786 4.9114227294921875e-05 0.009
143 -2.378441099181154 2.596687734977476 0.00021076202392578125 0.009
144 -2.6537544337551893 2.665897712527638 4.887580871582031e-05 0.009
145 -2.4212994773038883 2.9905265772443017 4.9114227294921875e-05 0.009
146 -2.6686040236052806 2.3334596617630012 4.9114227294921875e-05 0.009
147 -2.5640594349693973 2.665644961974032 4.696846008300781e-05 0.009
148 -2.6830629597742277 2.8834111406681187 9.393692016601562e-05 0.009
149 -2.4586280118997945 2.477668283474807 5.0067901611328125e-05 0.009
150 -2.8080402328275653 2.5265784416174566 4.792213439941406e-05 0.009
