1 0.005572759626999997 5.643298363212316 5.91278076171875e-05 0.009
2 0.010059558979569819 8.218151377522311 5.7220458984375e-05 0.009
3 0.01665009499929973 9.645632303726162 5.817413330078125e-05 0.009
4 0.022748929816414562 13.454359607619415 4.792213439941406e-05 0.009
5 0.03211171783978901 22.987432804654606 6.29425048828125e-05 0.009
6 0.04380437661095975 29.476495967821922 7.009506225585938e-05 0.009
7 0.060521317016723385 40.00511954501432 4.982948303222656e-05 0.009
8 0.06410802127163147 55.70870551839718 4.9114227294921875e-05 0.009
9 0.04485631893077275 79.42420021795273 4.9114227294921875e-05 0.009
10 0.06978741949210777 103.56234762267295 6.29425048828125e-05 0.009
11 0.16191724996547088 132.1783268253009 4.9114227294921875e-05 0.009
12 0.1312531178351564 225.22607326188282 5.2928924560546875e-05 0.009
13 0.31117134759331666 307.2881684690283 4.887580871582031e-05 0.009
14 0.6483818030075198 469.8256069092928 4.9114227294921875e-05 0.009
15 0.34455480656042686 641.9037448020915 4.982948303222656e-05 0.009
16 0.7356273083103367 734.579837323022 6.604194641113281e-05 0.009
17 1.7852621923680068 1217.8989441852978 6.508827209472656e-05 0.009
18 2.434586225440855 1729.0680063788116 8.869171142578125e-05 0.009
19 2.1671915156366097 2555.299195599692 0.0001342296600341797 0.009
20 3.8425809074623563 3931.1117631301495 6.699562072753906e-05 0.009
21 5.260605295821313 4942.736772815481 5.0067901611328125e-05 0.009
22 4.776244643106696 6720.557366188606 6.508827209472656e-05 0.009
23 10.895905639305294 9352.595293535021 4.982948303222656e-05 0.009
24 5.573562471771401 11784.165240280281 6.890296936035156e-05 0.009
25 21.61179900111539 17174.96929461247 5.3882598876953125e-05 0.009
26 22.424055439865477 30725.434146531978 6.222724914550781e-05 0.009
27 21.090575348834136 28160.661085569624 5.602836608886719e-05 0.009
28 63.56428152991052 44999.366140826416 5.602836608886719e-05 0.009
29 103.46288127281117 68191.45726948214 0.0001289844512939453 0.009
30 117.53361034772725 102667.69549476374 6.604194641113281e-05 0.009
31 173.21158178052653 134367.24226261675 5.0067901611328125e-05 0.009
32 69.43868821050691 198734.52619701193 4.982948303222656e-05 0.009
33 204.62873734085233 253398.3439699201 6.890296936035156e-05 0.009
34 285.38853141616255 398109.71749782795 6.413459777832031e-05 0.009
35 746.3657762319389 442693.2395674974 7.081031799316406e-05 0.009
36 652.2661214872032 648396.7964476595 6.818771362304688e-05 0.009
37 1119.334319613231 964596.9719708704 0.00014209747314453125 0.009
38 1505.4388854097506 1394720.55481584 6.389617919921875e-05 0.009
39 2241.7933633188313 1995986.5179711955 6.794929504394531e-05 0.009
40 5507.888271457824 2888659.9908050727 4.982948303222656e-05 0.009
41 2550.882476426576 3421116.223597859 4.8160552978515625e-05 0.009
42 6287.0468675911025 4993264.657787736 6.985664367675781e-05 0.009
43 8833.394202352112 7644472.130433741 8.797645568847656e-05 0.009
44 6499.285108008562 10774768.681400495 6.866455078125e-05 0.009
45 13983.908430151005 14658444.381374197 6.794929504394531e-05 0.009
46 33371.0919017661 18984789.421825457 7.009506225585938e-05 0.009
47 45657.62565482228 29575499.080155503 6.985664367675781e-05 0.009
48 33151.92192212611 39402890.921986036 6.818771362304688e-05 0.009
49 94661.32718990436 44141786.20309174 7.295608520507812e-05 0.009
50 107261.3451560868 70278624.66532332 6.794929504394531e-05 0.009
51 136725.36497707118 108280319.42175165 6.818771362304688e-05 0.009
52 86039.68602456573 143033714.39155316 6.67572021484375e-05 0.009
53 53395.95581772923 230249126.3362763 7.009506225585938e-05 0.009
54 390048.40169732884 311284518.05028623 8.106231689453125e-05 0.009
55 929557.3353999191 378883505.1664476 0.00010800361633300781 0.009
56 203991.27308681936 613268219.8932645 5.5789947509765625e-05 0.009
57 692743.8379447637 961291507.2434354 4.9114227294921875e-05 0.009
58 1799580.9036010716 1173886342.0324626 4.887580871582031e-05 0.009
59 1618619.0750247538 1793244391.8943722 4.792213439941406e-05 0.009
60 2310842.912349158 2122143806.9513454 4.8160552978515625e-05 0.009
61 3843349.904078508 2922198325.115045 6.914138793945312e-05 0.009
62 6770277.662736994 5162221126.413967 4.887580871582031e-05 0.009
63 5975663.927506317 5957262228.823153 4.887580871582031e-05 0.009
64 7193378.26131926 8526498965.480967 0.00013494491577148438 0.009
65 15223266.842027558 12918697654.535564 5.1975250244140625e-05 0.009
66 24861954.001566447 15835518121.99404 5.316734313964844e-05 0.009
67 25790767.7619516 26389846223.267723 5.2928924560546875e-05 0.009
68 44832984.37587205 28191010108.598442 5.1975250244140625e-05 0.009
69 81685795.40996683 40534989205.000916 5.2928924560546875e-05 0.009
70 24861872.477952965 56003903165.31913 5.2928924560546875e-05 0.009
71 96925090.5066755 86419882864.36066 4.887580871582031e-05 0.009
72 162260449.01155695 135420710591.66862 5.1975250244140625e-05 0.009
73 189980453.23179367 168906276971.5428 4.9114227294921875e-05 0.009
74 149182528.71772042 218694635893.88492 6.389617919921875e-05 0.009
75 380190145.4371189 331884638626.33234 7.200241088867188e-05 0.009
76 200199821.04607856 537125389913.0826 4.9114227294921875e-05 0.009
77 770007694.9410216 664182673584.5308 6.4849853515625e-05 0.009
78 936309781.3689855 964638715209.5652 4.9114227294921875e-05 0.009
79 736642567.8786352 1465092233864.1814 4.887580871582031e-05 0.009
80 1414572736.0894606 2219693964552.011 4.696846008300781e-05 0.009
81 776019848.9644501 2751212464270.841 5.0067901611328125e-05 0.009
82 3539891451.7088137 3424956873530.4575 4.887580871582031e-05 0.009
83 2287829183.234983 4774393067574.064 4.673004150390625e-05 0.009
84 8387382378.123641 8215152880799.378 5.030632019042969e-05 0.009
85 9376948312.909103 12626050944445.783 4.887580871582031e-05 0.009
86 9242388803.886225 12406783386469.217 5.030632019042969e-05 0.009
87 26344681943.559246 17921182108869.75 6.508827209472656e-05 0.009
88 42007315959.67236 27140908522027.664 6.67572021484375e-05 0.009
89 56350694183.99087 39797517209975.48 5.1975250244140625e-05 0.009
90 54464537565.613106 50991026421714.375 5.2928924560546875e-05 0.009
91 41942855156.240555 77423655694238.64 5.888938903808594e-05 0.009
92 74145346159.30537 106538013164629.4 4.8160552978515625e-05 0.009
93 143358208389.35086 154187095596590.47 4.935264587402344e-05 0.009
94 290025584933.8323 195407265342271.06 4.9114227294921875e-05 0.009
95 369117410421.77234 303252505744846.3 4.982948303222656e-05 0.009
96 596728488437.4316 476043956773329.56 4.887580871582031e-05 0.009
97 925375930105.8369 598655448102937.0 4.9114227294921875e-05 0.009
98 801772694260.7676 930949651274980.4 4.9114227294921875e-05 0.009
99 836524801775.04 1296062585422445.0 4.9114227294921875e-05 0.009
100 915933550367.3573 1382075375366222.8 5.030632019042969e-05 0.009
101 1429763302129.37 2228058219882049.0 4.76837158203125e-05 0.009
102 2166919961827.6597 2834297591503827.0 4.792213439941406e-05 0.009
103 4518532062043.988 4252347338044994.0 5.0067901611328125e-05 0.009
104 7469543293085.033 6397170623890886.0 7.104873657226562e-05 0.009
105 12620392073066.086 8715164719992980.0 4.887580871582031e-05 0.009
106 11565279392128.146 1.2857677325779208e+16 4.792213439941406e-05 0.009
107 21961895815296.61 1.5877001759434504e+16 4.792213439941406e-05 0.009
108 24032839689711.16 2.409702301863099e+16 4.982948303222656e-05 0.009
109 51232450264354.42 3.05475660859447e+16 4.76837158203125e-05 0.009
110 20839299105230.543 4.2278286684576856e+16 4.887580871582031e-05 0.009
111 91641270108577.94 5.467635240761995e+16 6.794929504394531e-05 0.009
112 129942056234123.66 1.0117113586199363e+17 0.00011301040649414062 0.009
113 40040014646044.47 1.127933564242342e+17 4.887580871582031e-05 0.009
114 202552765144847.5 1.804573360000601e+17 4.9114227294921875e-05 0.009
115 246257473297089.53 2.7302445124396227e+17 4.887580871582031e-05 0.009
116 263506778510599.38 3.111902735419311e+17 4.8160552978515625e-05 0.009
117 860555401505938.0 4.904545857411913e+17 4.76837158203125e-05 0.009
118 400703167968685.06 6.509644686092873e+17 5.602836608886719e-05 0.009
119 719831836523843.8 1.0396836904825555e+18 4.887580871582031e-05 0.009
120 614870072330779.5 1.3735658720071542e+18 4.9114227294921875e-05 0.009
121 3386627898119437.5 1.9066144015721057e+18 4.9114227294921875e-05 0.009
122 1866297307734315.0 2.3135647535384745e+18 0.00011801719665527344 0.009
123 5781944924033039.0 3.793332579641988e+18 4.887580871582031e-05 0.009
124 6417122934169024.0 5.253633253238309e+18 4.9114227294921875e-05 0.009
125 1.2251645096359234e+16 8.169757397729445e+18 5.030632019042969e-05 0.009
126 9546476757416682.0 1.0439844255552164e+19 4.9114227294921875e-05 0.009
127 1.6965511303936626e+16 1.2651064038119444e+19 4.792213439941406e-05 0.009
128 2.8941561749405812e+16 1.930365918428262e+19 4.9114227294921875e-05 0.009
129 4.124779084052424e+16 2.590094794802639e+19 4.9114227294921875e-05 0.009
130 4.132969168509293e+16 4.432932126061922e+19 5.0067901611328125e-05 0.009
131 4.277257072286346e+16 5.027311800391264e+19 4.982948303222656e-05 0.009
132 8.266810303789627e+16 7.521876125134529e+19 4.982948303222656e-05 0.009
133 2.3781767855207245e+17 1.034888609954831e+20 4.76837158203125e-05 0.009
134 1.608522481633106e+17 1.4728288052984046e+20 4.792213439941406e-05 0.009
135 2.225764043032391e+17 2.1065950423553022e+20 5.0067901611328125e-05 0.009
136 5.705363162212771e+17 3.165252674968768e+20 4.9114227294921875e-05 0.009
137 2.140966988855741e+17 3.757556757216598e+20 4.887580871582031e-05 0.009
138 3.428550906508269e+17 5.915938268203077e+20 4.887580871582031e-05 0.009
139 1.799177817855507e+18 8.642683102010915e+20 0.0001289844512939453 0.009
140 1.2037408126114593e+18 1.0575487368028517e+21 7.82012939453125e-05 0.009
141 2.0991860008157071e+18 1.6337007923565465e+21 4.887580871582031e-05 0.009
142 4.1021962073406484e+18 2.1289377533631115e+21 4.673004150390625e-05 0.009
143 1.4439827070611976e+18 2.9974320529546905e+21 4.792213439941406e-05 0.009
144 4.57959974599752e+18 5.017119410922323e+21 4.9114227294921875e-05 0.009
145 1.9672913122915927e+18 5.572401795028265e+21 4.8160552978515625e-05 0.009
146 8.460190628266599e+18 1.0728345096529442e+22 4.887580871582031e-05 0.009
147 7.975800607698546e+18 1.203236234745787e+22 4.887580871582031e-05 0.009
148 1.9916907453096903e+19 1.6293548319490273e+22 5.030632019042969e-05 0.009
149 2.0085864643686162e+19 2.142378854201699e+22 4.76837158203125e-05 0.009
150 1.8886831519149093e+19 3.0582478739610138e+22 4.8160552978515625e-05 0.009
