1 2.4160667717222086 2.4167283768155814 0.00019407272338867188 0.998
2 3.196748121120018 3.216246193770608 8.416175842285156e-05 0.998
3 4.438356779870187 4.4392834828755685 7.128715515136719e-05 0.998
4 5.729807914531891 5.738869019785187 7.319450378417969e-05 0.998
5 9.361303375311687 9.397431017504875 7.700920104980469e-05 0.998
6 12.326706709224386 12.372174543662126 0.00011110305786132812 0.998
7 17.800477766573906 17.864755445623445 7.700920104980469e-05 0.998
8 23.162972406840186 23.22928005136405 0.00010418891906738281 0.998
9 33.7325681887417 34.16318885314707 9.584426879882812e-05 0.998
10 46.09108736867308 46.173886981332174 9.608268737792969e-05 0.998
11 69.00251077465155 69.05121608015183 0.0001571178436279297 0.998
12 91.23061861501664 91.68894246931218 6.29425048828125e-05 0.998
13 129.08743236697782 129.18174013129453 6.818771362304688e-05 0.998
14 180.6134543270564 183.0724628499377 9.417533874511719e-05 0.998
15 239.73824645212764 240.31777001661266 0.0002219676971435547 0.998
16 353.0464145028853 353.54028193478587 9.202957153320312e-05 0.998
17 496.0338909507341 496.21224672017803 0.00010013580322265625 0.998
18 691.346023038447 693.9776179172478 0.0005469322204589844 0.998
19 984.8561245837517 988.3659699836436 0.00010013580322265625 0.998
20 1340.282994124962 1342.9630595931526 7.009506225585938e-05 0.998
21 2005.478463459405 2013.8706415370682 5.888938903808594e-05 0.998
22 2854.445578553698 2857.023200623343 5.888938903808594e-05 0.998
23 3774.3250722411235 3802.659167931054 6.29425048828125e-05 0.998
24 5739.493342844667 5786.748722362279 6.389617919921875e-05 0.998
25 7650.40535618584 7670.486473637602 6.318092346191406e-05 0.998
26 10391.503707529375 10416.885337165108 7.605552673339844e-05 0.998
27 14346.213322248443 14376.618259526664 7.390975952148438e-05 0.998
28 20301.06976389319 20338.398723204828 6.914138793945312e-05 0.998
29 28909.862308310963 29181.74759300681 7.486343383789062e-05 0.998
30 42085.60561649233 42225.98177374171 0.00013899803161621094 0.998
31 55683.288933881304 55706.405502333415 0.00010704994201660156 0.998
32 71985.44627747408 72675.73167745247 0.00011420249938964844 0.998
33 102325.88685293481 102346.86587504494 9.202957153320312e-05 0.998
34 154940.1822891602 158069.94454228255 0.00019884109497070312 0.998
35 210359.18279664172 210409.15196368238 8.797645568847656e-05 0.998
36 310727.79128694156 311658.720246048 7.510185241699219e-05 0.998
37 396770.93281049735 398860.7631331593 7.486343383789062e-05 0.998
38 566192.1016608222 570859.9741765168 6.985664367675781e-05 0.998
39 775134.2946902193 778996.3360040964 6.818771362304688e-05 0.998
40 1191568.8625871674 1192038.3170762516 6.818771362304688e-05 0.998
41 1585356.3314836132 1586829.3385713066 6.699562072753906e-05 0.998
42 2343429.1399574704 2371878.3980846507 6.508827209472656e-05 0.998
43 3135834.7239588317 3139398.287644367 6.699562072753906e-05 0.998
44 4560297.924397795 4584568.265330357 6.508827209472656e-05 0.998
45 6334090.238729131 6338185.479865173 5.984306335449219e-05 0.998
46 8453246.620106341 8478338.615903381 0.0001800060272216797 0.998
47 11829883.17114084 11848952.255843537 6.723403930664062e-05 0.998
48 17753317.398156647 17854471.667818703 7.128715515136719e-05 0.998
49 24394724.772045102 24467749.593666498 6.604194641113281e-05 0.998
50 32278663.4966283 32363588.521945663 6.389617919921875e-05 0.998
51 48521530.17090826 48575292.44245128 6.890296936035156e-05 0.998
52 62128001.093721844 62243852.804811776 6.508827209472656e-05 0.998
53 89492244.65310818 90955270.98342718 6.413459777832031e-05 0.998
54 126571815.57502566 127661516.79328021 6.508827209472656e-05 0.998
55 171958968.92914006 172784848.4803768 6.794929504394531e-05 0.998
56 233443430.72155905 237937138.86975855 8.392333984375e-05 0.998
57 332119842.3515877 332893478.8826916 0.00015401840209960938 0.998
58 493846019.52633107 497921458.3955697 0.00011396408081054688 0.998
59 705938083.6889304 714333026.2099856 0.00011706352233886719 0.998
60 1000270095.2390038 1001300652.9481549 7.557868957519531e-05 0.998
61 1378370554.8690057 1378591285.6923053 9.584426879882812e-05 0.998
62 2088811138.2588346 2101826628.1949651 9.799003601074219e-05 0.998
63 2598361071.9312315 2607744289.507473 8.893013000488281e-05 0.998
64 3460910500.2926207 3462615746.8264413 0.0001347064971923828 0.998
65 4998427060.652163 5025578384.049344 0.0001049041748046875 0.998
66 7214445240.4339485 7251252174.692912 9.131431579589844e-05 0.998
67 10807830543.25413 10925321758.734426 8.678436279296875e-05 0.998
68 13612605862.918434 13617864094.326752 6.198883056640625e-05 0.998
69 19953543044.060966 20029579522.840733 5.793571472167969e-05 0.998
70 28010390679.626595 28016470291.085632 0.00020003318786621094 0.998
71 39180336693.1332 39257567848.97289 8.702278137207031e-05 0.998
72 52103013429.00397 52159972833.247925 6.914138793945312e-05 0.998
73 78023138813.685 79529769705.29378 6.198883056640625e-05 0.998
74 99777377554.24182 100168794632.46527 6.413459777832031e-05 0.998
75 149969177162.04205 150101729053.85886 6.4849853515625e-05 0.998
76 191032874041.74072 191148940225.43863 0.00011205673217773438 0.998
77 300355562644.3672 301354871644.6289 5.91278076171875e-05 0.998
78 409009822802.85004 409725795543.2615 5.817413330078125e-05 0.998
79 576840297761.9785 578261413954.0044 5.888938903808594e-05 0.998
80 779175428649.2664 780876175637.3646 5.984306335449219e-05 0.998
81 1090421720957.753 1095964141262.486 9.799003601074219e-05 0.998
82 1577470469885.8477 1579308403991.5654 9.393692016601562e-05 0.998
83 2082415925844.1013 2083381051881.2039 9.393692016601562e-05 0.998
84 2887118994636.126 2907665617863.313 6.008148193359375e-05 0.998
85 4382964934318.9473 4419935627958.966 5.888938903808594e-05 0.998
86 5881781348689.456 5905253557020.509 6.389617919921875e-05 0.998
87 8501725237420.241 8611893150501.931 6.103515625e-05 0.998
88 11403659208236.316 11456962269227.56 5.888938903808594e-05 0.998
89 16871701677692.549 16874475269018.564 5.91278076171875e-05 0.998
90 22410431889964.62 22629596674385.258 5.888938903808594e-05 0.998
91 32122495306441.996 32250116639563.156 5.91278076171875e-05 0.998
92 43959263358610.21 44082952268255.695 5.888938903808594e-05 0.998
93 63847718185667.234 63962916341684.125 5.91278076171875e-05 0.998
94 88200634225015.95 88313319273683.22 5.91278076171875e-05 0.998
95 121920393831147.3 122342051560471.2 5.984306335449219e-05 0.998
96 173890957062437.22 174708337775876.53 5.817413330078125e-05 0.998
97 254136661273647.1 254281290133296.7 0.00011324882507324219 0.998
98 328467199755351.56 330312807603131.0 9.012222290039062e-05 0.998
99 502271876398999.4 511523201970941.94 6.890296936035156e-05 0.998
100 647812598556878.8 648068572287477.0 6.008148193359375e-05 0.998
101 915895030611708.8 919882030594092.1 5.888938903808594e-05 0.998
102 1294809766738027.0 1298224100744211.0 0.00034308433532714844 0.998
103 1858890512462850.5 1871168835049109.5 6.699562072753906e-05 0.998
104 2752495441939756.5 2827178446373494.0 5.7697296142578125e-05 0.998
105 3718312022782859.0 3723165096892927.0 5.817413330078125e-05 0.998
106 4873797951859418.0 4881450831542893.0 5.793571472167969e-05 0.998
107 7113751280726900.0 7185417348642269.0 5.91278076171875e-05 0.998
108 1.040970426911546e+16 1.0526049743846942e+16 5.888938903808594e-05 0.998
109 1.4453794211698304e+16 1.4471532387166956e+16 5.7220458984375e-05 0.998
110 1.9293716365906284e+16 1.931406777207453e+16 5.793571472167969e-05 0.998
111 2.5958737862252828e+16 2.5990598064596784e+16 5.793571472167969e-05 0.998
112 4.043473320023318e+16 4.059489495628775e+16 9.417533874511719e-05 0.998
113 5.522945456318827e+16 5.531631476746144e+16 9.107589721679688e-05 0.998
114 7.417213003504224e+16 7.451787483090638e+16 7.081031799316406e-05 0.998
115 1.0429791934505112e+17 1.0475726323194539e+17 5.984306335449219e-05 0.998
116 1.4504369941000586e+17 1.465977843112063e+17 6.389617919921875e-05 0.998
117 2.0899079412042637e+17 2.091205063540234e+17 5.91278076171875e-05 0.998
118 2.8212687507696525e+17 2.8270161413388134e+17 5.793571472167969e-05 0.998
119 4.177819727030471e+17 4.2079754005988986e+17 5.984306335449219e-05 0.998
120 5.88316569482917e+17 5.889266967759724e+17 6.008148193359375e-05 0.998
121 7.56720192298475e+17 7.585460998862385e+17 5.888938903808594e-05 0.998
122 1.1119204050234849e+18 1.1170097332914486e+18 5.6743621826171875e-05 0.998
123 1.554861452789187e+18 1.564258607563384e+18 5.91278076171875e-05 0.998
124 2.2068198665413048e+18 2.2155215513269169e+18 5.7697296142578125e-05 0.998
125 3.218973898976881e+18 3.2366346923539533e+18 6.031990051269531e-05 0.998
126 4.2567401217557125e+18 4.309136548562136e+18 5.7697296142578125e-05 0.998
127 5.816303060872933e+18 5.828678855372969e+18 5.793571472167969e-05 0.998
128 8.099498327963864e+18 8.11493669990526e+18 7.605552673339844e-05 0.998
129 1.1424716048298226e+19 1.1435921392974973e+19 6.389617919921875e-05 0.998
130 1.5563259407236954e+19 1.5608099200049175e+19 6.890296936035156e-05 0.998
131 2.2876503745947152e+19 2.2885203786405945e+19 6.031990051269531e-05 0.998
132 3.0387740199900156e+19 3.060001799180539e+19 5.888938903808594e-05 0.998
133 4.479950165553665e+19 4.497801861762079e+19 5.6743621826171875e-05 0.998
134 6.233320044774382e+19 6.262077452017751e+19 5.888938903808594e-05 0.998
135 8.752482993210573e+19 8.75516919865942e+19 6.008148193359375e-05 0.998
136 1.3095059440689934e+20 1.3193986528909071e+20 5.91278076171875e-05 0.998
137 1.7608282635957135e+20 1.7760999127097213e+20 5.91278076171875e-05 0.998
138 2.283110176078095e+20 2.2960246805996516e+20 5.888938903808594e-05 0.998
139 3.329710037083802e+20 3.329837958878033e+20 5.7697296142578125e-05 0.998
140 4.9877919185921285e+20 4.9895144240578665e+20 5.888938903808594e-05 0.998
141 7.158745797204013e+20 7.176892922574832e+20 5.817413330078125e-05 0.998
142 9.009152343894322e+20 9.022938571435114e+20 5.698204040527344e-05 0.998
143 1.2732676118559544e+21 1.27732057509345e+21 5.698204040527344e-05 0.998
144 1.7392727585066118e+21 1.7429137630862647e+21 0.00010704994201660156 0.998
145 2.57650903196592e+21 2.595983577160278e+21 7.796287536621094e-05 0.998
146 3.44752491411192e+21 3.47076597185609e+21 6.127357482910156e-05 0.998
147 4.892534387022754e+21 4.894363483185553e+21 5.817413330078125e-05 0.998
148 7.305071218041333e+21 7.35196504257299e+21 6.389617919921875e-05 0.998
149 9.46876738838025e+21 9.47646732201864e+21 5.888938903808594e-05 0.998
150 1.3738305340316964e+22 1.3931001839173314e+22 5.793571472167969e-05 0.998
