1 1.3783748836696927 1.3847859792386892 7.987022399902344e-05 0.998
2 1.2647331158065167 1.268924314769507 7.486343383789062e-05 0.998
3 1.2473952558371995 1.2501561249605888 7.295608520507812e-05 0.998
4 1.2461209013005425 1.2507326570733681 9.298324584960938e-05 0.998
5 1.3098936617996035 1.3108810814808243 0.00011491775512695312 0.998
6 1.3247591174757674 1.3257784184871526 7.128715515136719e-05 0.998
7 1.2347170429512373 1.2371619406538419 6.127357482910156e-05 0.998
8 1.3149665991708015 1.3158272281534258 5.817413330078125e-05 0.998
9 1.189863661458834 1.1979018646551733 5.698204040527344e-05 0.998
10 1.2517296777947025 1.283148609837827 6.413459777832031e-05 0.998
11 1.316362698214566 1.3207038233276114 6.914138793945312e-05 0.998
12 1.1720579174971855 1.1758412462381171 8.7738037109375e-05 0.998
13 1.2413214690163061 1.2501291556581298 0.00014090538024902344 0.998
14 1.336413841714214 1.3417019233872816 6.699562072753906e-05 0.998
15 1.242567367811073 1.2474715786404522 5.91278076171875e-05 0.998
16 1.3146679649638646 1.3215581925510895 5.984306335449219e-05 0.998
17 1.356639800404965 1.3568481865541364 7.009506225585938e-05 0.998
18 1.1523204881726041 1.1529922325635098 6.699562072753906e-05 0.998
19 1.3188691664478087 1.324636849110721 7.987022399902344e-05 0.998
20 1.2483862099984508 1.257502460217791 8.225440979003906e-05 0.998
21 1.3208125979626208 1.331653090676373 7.033348083496094e-05 0.998
22 1.280263597208785 1.2993600589667385 6.604194641113281e-05 0.998
23 1.2050130764423002 1.2087735549047791 6.699562072753906e-05 0.998
24 1.3431333090221225 1.3447475438320298 5.7697296142578125e-05 0.998
25 1.2914716895274467 1.3011503117323797 8.702278137207031e-05 0.998
26 1.2660431248196458 1.2795587480405204 0.0002460479736328125 0.998
27 1.2878994291415622 1.2895531954637771 8.797645568847656e-05 0.998
28 1.315009972775901 1.3157033348254752 5.888938903808594e-05 0.998
29 1.241583887279873 1.2457337738392027 5.91278076171875e-05 0.998
30 1.2683811112094554 1.2693094705047023 5.888938903808594e-05 0.998
31 1.3233502066853464 1.327779481214765 5.91278076171875e-05 0.998
32 1.2879731145577644 1.2896608857986998 5.91278076171875e-05 0.998
33 1.1542946995310428 1.15526420714347 7.176399230957031e-05 0.998
34 1.2206897168613593 1.2321485493627111 7.033348083496094e-05 0.998
35 1.3015389941524471 1.3079669117975574 5.984306335449219e-05 0.998
36 1.3672717446096643 1.3786675043456784 6.4849853515625e-05 0.998
37 1.256010888822818 1.2567867608416656 6.604194641113281e-05 0.998
38 1.1763528910782473 1.1810049172217385 6.29425048828125e-05 0.998
39 1.2859131100438452 1.2864781185481193 7.82012939453125e-05 0.998
40 1.2410929099928822 1.2494280534361843 7.295608520507812e-05 0.998
41 1.2426080974654652 1.2504753484593307 7.033348083496094e-05 0.998
42 1.2886865313272022 1.2893543544488795 6.67572021484375e-05 0.998
43 1.2188402092717125 1.2234608240691924 6.604194641113281e-05 0.998
44 1.2326870629650115 1.2346738866946594 6.580352783203125e-05 0.998
45 1.2935831972402494 1.2946715167527643 5.888938903808594e-05 0.998
46 1.2528348709415495 1.253910553938156 6.29425048828125e-05 0.998
47 1.2811781096458856 1.2937271801307333 6.699562072753906e-05 0.998
48 1.3297631401817336 1.3315033034971253 6.794929504394531e-05 0.998
49 1.3259295082636726 1.3264301455384928 6.771087646484375e-05 0.998
50 1.3937973722569184 1.3972672905140469 6.508827209472656e-05 0.998
51 1.162243914127242 1.165996830417904 6.604194641113281e-05 0.998
52 1.3202409958798431 1.328430783398919 6.723403930664062e-05 0.998
53 1.264831051476375 1.2658827425619539 7.128715515136719e-05 0.998
54 1.3600456841377995 1.360091106160057 6.604194641113281e-05 0.998
55 1.2861789468560794 1.2914951346763042 6.4849853515625e-05 0.998
56 1.230483688220842 1.2316777348333472 0.004087924957275391 0.998
57 1.32180144552435 1.3285697030850616 6.604194641113281e-05 0.998
58 1.2728879909028712 1.2765586006019927 6.699562072753906e-05 0.998
59 1.2945676983864067 1.2961370076007455 7.104873657226562e-05 0.998
60 1.1958775257361631 1.197280719392011 6.914138793945312e-05 0.998
61 1.3253293506315365 1.3257263441791909 6.818771362304688e-05 0.998
62 1.2776427890274482 1.2896258415311452 5.888938903808594e-05 0.998
63 1.2170026546509178 1.2211780009025233 5.888938903808594e-05 0.998
64 1.1874022311034873 1.1908021806743623 6.389617919921875e-05 0.998
65 1.2094684152693533 1.2120605322376552 6.604194641113281e-05 0.998
66 1.1875581501351309 1.1962595326467695 0.0001957416534423828 0.998
67 1.22091688879294 1.2308974247173794 6.794929504394531e-05 0.998
68 1.1730729402098388 1.1784419561981678 5.91278076171875e-05 0.998
69 1.2610759554660202 1.2635323246501369 5.793571472167969e-05 0.998
70 1.2330409926912065 1.2391353999833905 6.508827209472656e-05 0.998
71 1.2941049579839718 1.2968541141998828 6.508827209472656e-05 0.998
72 1.3298849609537635 1.3361393974259983 5.984306335449219e-05 0.998
73 1.2187694580249222 1.2234332732062876 5.817413330078125e-05 0.998
74 1.1746923732449457 1.181905880758593 5.888938903808594e-05 0.998
75 1.2967696503635218 1.3050159084559187 5.793571472167969e-05 0.998
76 1.2595462947990461 1.2673224811001533 5.817413330078125e-05 0.998
77 1.296252185585438 1.299378629715951 5.6743621826171875e-05 0.998
78 1.309565674649245 1.3111266016081027 0.0001709461212158203 0.998
79 1.3333795739583296 1.3418001219133817 5.91278076171875e-05 0.998
80 1.2633614921769714 1.2783026270058109 5.698204040527344e-05 0.998
81 1.2753053402713053 1.2762329260527712 5.91278076171875e-05 0.998
82 1.2959223881896815 1.2963020948512791 6.389617919921875e-05 0.998
83 1.1892923227237446 1.2064172378300555 6.604194641113281e-05 0.998
84 1.116696042392081 1.1201215796473227 0.00010395050048828125 0.998
85 1.1855028831775234 1.1893776893310974 6.008148193359375e-05 0.998
86 1.216435616637579 1.2217050399827738 5.698204040527344e-05 0.998
87 1.2997060711449229 1.3045986577468116 5.793571472167969e-05 0.998
88 1.3286175442807806 1.333180280590672 5.793571472167969e-05 0.998
89 1.3261442383821358 1.3340563058546757 5.817413330078125e-05 0.998
90 1.2060702784674446 1.2133710294282212 5.817413330078125e-05 0.998
91 1.2485702915421126 1.261434315777753 5.817413330078125e-05 0.998
92 1.2260787553180403 1.229982900057551 6.008148193359375e-05 0.998
93 1.2721168396672167 1.2880561909826176 6.008148193359375e-05 0.998
94 1.3016407022226788 1.313834972930008 5.91278076171875e-05 0.998
95 1.171312657750883 1.172295431722243 5.817413330078125e-05 0.998
96 1.2957989475370904 1.3030173027414538 6.389617919921875e-05 0.998
97 1.2474344220764582 1.2514726343672533 5.817413330078125e-05 0.998
98 1.2931122532125767 1.2936107965772878 6.079673767089844e-05 0.998
99 1.1885999128119062 1.193115255327425 5.817413330078125e-05 0.998
100 1.286048992842561 1.2918708528769314 5.817413330078125e-05 0.998
101 1.2275598509293115 1.2352567964155365 5.91278076171875e-05 0.998
102 1.3102697715275529 1.311829727893211 5.817413330078125e-05 0.998
103 1.3054700414246379 1.316540879318919 5.698204040527344e-05 0.998
104 1.2249816966019849 1.225774825072124 5.817413330078125e-05 0.998
105 1.3478792999591616 1.356866040470565 5.817413330078125e-05 0.998
106 1.2283205856248385 1.239714177009503 5.91278076171875e-05 0.998
107 1.356811362669588 1.3680283859835123 6.389617919921875e-05 0.998
108 1.2962383548249832 1.3046829903313337 5.793571472167969e-05 0.998
109 1.1773047179024623 1.178119429185495 5.817413330078125e-05 0.998
110 1.3233573422542744 1.3334807431122226 5.91278076171875e-05 0.998
111 1.1461972292624036 1.1550266181336237 5.793571472167969e-05 0.998
112 1.3182699832676545 1.3276505542299426 5.793571472167969e-05 0.998
113 1.2497423755725916 1.2544724633145798 5.817413330078125e-05 0.998
114 1.2821638282056262 1.2822887489607324 6.29425048828125e-05 0.998
115 1.3064820050303605 1.3069627115208164 5.91278076171875e-05 0.998
116 1.220400398716622 1.2226110312004133 5.91278076171875e-05 0.998
117 1.2037116273656991 1.2295174642740219 5.602836608886719e-05 0.998
118 1.3307849836203065 1.3318593493893798 5.698204040527344e-05 0.998
119 1.3096458176230164 1.3303139764337608 5.698204040527344e-05 0.998
120 1.1550121909302653 1.1635006241648673 5.698204040527344e-05 0.998
121 1.227557810731685 1.2283054887363691 5.888938903808594e-05 0.998
122 1.3324221157344425 1.3330997254530277 5.984306335449219e-05 0.998
123 1.2045628660673613 1.211676133926433 5.817413330078125e-05 0.998
124 1.235858219669864 1.2436808988321977 5.91278076171875e-05 0.998
125 1.2524704428568385 1.2610068590801704 5.91278076171875e-05 0.998
126 1.3236384585959589 1.325750645652768 5.817413330078125e-05 0.998
127 1.200574189941948 1.2016600226758822 5.888938903808594e-05 0.998
128 1.1752841893331847 1.1755192076000682 5.817413330078125e-05 0.998
129 1.35418886167381 1.369892416368856 5.817413330078125e-05 0.998
130 1.3380850645113773 1.3462717072777866 5.793571472167969e-05 0.998
131 1.1786193220142045 1.1805948073941552 5.817413330078125e-05 0.998
132 1.2719504446301844 1.2913380012937736 5.698204040527344e-05 0.998
133 1.1964273768931546 1.2039030736811485 5.817413330078125e-05 0.998
134 1.2700043156772947 1.2830843839968427 6.127357482910156e-05 0.998
135 1.2176862299425122 1.218948811485354 5.888938903808594e-05 0.998
136 1.2932780154126708 1.2964975098186962 5.698204040527344e-05 0.998
137 1.2599996642461673 1.2650414850758962 5.817413330078125e-05 0.998
138 1.3581807712740053 1.3642366788921974 5.7220458984375e-05 0.998
139 1.2214399623823033 1.2246633746825535 5.6743621826171875e-05 0.998
140 1.3147969252128995 1.3166568647515284 5.91278076171875e-05 0.998
141 1.2909812208664582 1.2931096299943738 5.817413330078125e-05 0.998
142 1.2329127657416548 1.233183775296401 5.91278076171875e-05 0.998
143 1.2298382578109013 1.230832940815656 5.7697296142578125e-05 0.998
144 1.2351119236003818 1.2358317801375682 5.7220458984375e-05 0.998
145 1.236175513429299 1.245191043981688 6.175041198730469e-05 0.998
146 1.2894285376105223 1.2950516100722942 5.7697296142578125e-05 0.998
147 1.255472773532418 1.2615679662528028 5.698204040527344e-05 0.998
148 1.269108206141428 1.2777816003883198 5.698204040527344e-05 0.998
149 1.2673872531718353 1.2727335805799591 5.793571472167969e-05 0.998
150 1.2416819818509999 1.2468121399932766 5.793571472167969e-05 0.998
