1 0.8995840439934186 0.900533026983713 0.00014281272888183594 0.998
2 0.9080768116511759 0.9083883673274453 6.699562072753906e-05 0.998
3 0.900092097430059 0.901185645558985 7.891654968261719e-05 0.998
4 0.8882921337781443 0.8890789384956399 7.081031799316406e-05 0.998
5 0.8998919827879164 0.9007067512550281 6.771087646484375e-05 0.998
6 0.8906274653539734 0.8951124468219512 7.081031799316406e-05 0.998
7 0.8914711483737511 0.8918849162466058 6.771087646484375e-05 0.998
8 0.8909162594292187 0.8915023450603935 7.128715515136719e-05 0.998
9 0.9061407772006295 0.9064124548399938 6.818771362304688e-05 0.998
10 0.9128309610252766 0.9132109287895138 5.817413330078125e-05 0.998
11 0.8969349205706586 0.8992998375010447 5.91278076171875e-05 0.998
12 0.8946933589272581 0.8951133220413622 6.389617919921875e-05 0.998
13 0.9129298529522066 0.9134846909321949 6.794929504394531e-05 0.998
14 0.9102342605052343 0.9103302307192405 8.702278137207031e-05 0.998
15 0.9005114197009073 0.9024427813156949 0.00011897087097167969 0.998
16 0.8913242023282588 0.8916060039459234 0.00010395050048828125 0.998
17 0.8798429540544498 0.8816028319001143 7.295608520507812e-05 0.998
18 0.8996284205059811 0.8997785891824975 6.604194641113281e-05 0.998
19 0.8834602072385109 0.8837766362338607 6.794929504394531e-05 0.998
20 0.9009280075616095 0.9013719932518895 7.104873657226562e-05 0.998
21 0.9054970373479705 0.9059558283040023 0.0002200603485107422 0.998
22 0.8890494829988743 0.8891005153246255 0.00014710426330566406 0.998
23 0.896832855075377 0.8970863701503895 5.817413330078125e-05 0.998
24 0.9018631911969007 0.9028710773600366 5.793571472167969e-05 0.998
25 0.8977986318148393 0.8986785329337577 5.984306335449219e-05 0.998
26 0.8999801928354453 0.9003074866879716 5.984306335449219e-05 0.998
27 0.8974781778173999 0.8975339523229365 5.7220458984375e-05 0.998
28 0.9102479810995395 0.9144102503276127 5.984306335449219e-05 0.998
29 0.8965030993539143 0.89784426015294 6.29425048828125e-05 0.998
30 0.8908968716983455 0.8910163641108465 0.00013327598571777344 0.998
31 0.8896552957930538 0.8909367982365032 7.081031799316406e-05 0.998
32 0.886306121163727 0.8868751658196704 9.608268737792969e-05 0.998
33 0.9030262915916154 0.9056760232670554 6.699562072753906e-05 0.998
34 0.8742702336237202 0.8743420635612577 6.604194641113281e-05 0.998
35 0.8915273120941963 0.8915620607445038 9.012222290039062e-05 0.998
36 0.8966317604728352 0.8995488254827804 0.00011277198791503906 0.998
37 0.8915946549705628 0.8925126049003277 0.00013184547424316406 0.998
38 0.8927559506604663 0.8931952291292526 6.008148193359375e-05 0.998
39 0.89970948739205 0.8997096219998721 5.698204040527344e-05 0.998
40 0.9032035145083727 0.9043140748145413 6.103515625e-05 0.998
41 0.9092405267518336 0.9098268911932066 0.00011014938354492188 0.998
42 0.9057092933709984 0.9067407263766285 0.000141143798828125 0.998
43 0.9106269036099688 0.9114983790875828 6.818771362304688e-05 0.998
44 0.9085901937007411 0.9090807690613868 6.508827209472656e-05 0.998
45 0.9211721361644694 0.9233304497855828 7.104873657226562e-05 0.998
46 0.9105637961655563 0.9111148281021771 6.604194641113281e-05 0.998
47 0.8750663335443998 0.8752319325616836 6.914138793945312e-05 0.998
48 0.8967228195247952 0.900732784748905 7.104873657226562e-05 0.998
49 0.9015083017191515 0.9020963087665017 8.392333984375e-05 0.998
50 0.8966831679678078 0.8974998348991164 6.103515625e-05 0.998
51 0.8849461402041924 0.8868269440397663 6.29425048828125e-05 0.998
52 0.8948643447288579 0.8968019699774464 6.604194641113281e-05 0.998
53 0.90473239132928 0.9049012127797729 6.818771362304688e-05 0.998
54 0.90143500357447 0.9015972019485264 6.389617919921875e-05 0.998
55 0.8887843444832303 0.8889893685112694 6.794929504394531e-05 0.998
56 0.9074377946336214 0.9081203846647845 6.580352783203125e-05 0.998
57 0.9112332081699466 0.9133150421191845 6.508827209472656e-05 0.998
58 0.8906914529915786 0.8912400010516124 6.604194641113281e-05 0.998
59 0.8987003981439388 0.8994986476572036 5.984306335449219e-05 0.998
60 0.8962302583104153 0.8983032097726695 8.487701416015625e-05 0.998
61 0.8995288893168126 0.9004605109656176 6.604194641113281e-05 0.998
62 0.8911800844345381 0.8915710920754574 6.699562072753906e-05 0.998
63 0.9044536511369352 0.9049775573292531 6.127357482910156e-05 0.998
64 0.9065133058233011 0.9065227934701827 6.29425048828125e-05 0.998
65 0.8922615894323458 0.8934833528252 6.604194641113281e-05 0.998
66 0.8914552303786819 0.8925157057159286 6.508827209472656e-05 0.998
67 0.9053024209320714 0.9069071207504799 7.200241088867188e-05 0.998
68 0.8892820822605358 0.8895227677904927 6.341934204101562e-05 0.998
69 0.9000708677437628 0.9028363151356863 6.008148193359375e-05 0.998
70 0.9028391486978085 0.9042444193249792 5.817413330078125e-05 0.998
71 0.8948504498846817 0.8966032715183849 5.7697296142578125e-05 0.998
72 0.8854839880057219 0.887578052838353 9.608268737792969e-05 0.998
73 0.896781355859559 0.8973871940379177 9.298324584960938e-05 0.998
74 0.901049681811047 0.9043272055931297 0.0007138252258300781 0.998
75 0.90388238606855 0.9043365471016399 6.723403930664062e-05 0.998
76 0.8872633358903003 0.8880186783808769 5.91278076171875e-05 0.998
77 0.8900674360344115 0.8907708196521462 5.793571472167969e-05 0.998
78 0.8987055697936387 0.8988289405638523 5.91278076171875e-05 0.998
79 0.9083994863410465 0.9085567304475198 5.817413330078125e-05 0.998
80 0.914531452539113 0.9151272753823166 5.793571472167969e-05 0.998
81 0.9033863646898574 0.9038371158514873 6.818771362304688e-05 0.998
82 0.8847870693666438 0.8875852550248128 5.888938903808594e-05 0.998
83 0.9026875880783711 0.9029640772269261 5.7697296142578125e-05 0.998
84 0.89116699063349 0.8936185266809386 5.817413330078125e-05 0.998
85 0.8857158881360567 0.8859298100829289 5.888938903808594e-05 0.998
86 0.8987415855446664 0.8999014837916759 6.008148193359375e-05 0.998
87 0.8987186480930682 0.9000207701877949 5.698204040527344e-05 0.998
88 0.8951096823748163 0.8965974893256008 5.7697296142578125e-05 0.998
89 0.902736014296305 0.9030632301801754 5.793571472167969e-05 0.998
90 0.9017961930002603 0.902568254484939 5.793571472167969e-05 0.998
91 0.887330711070317 0.8877512841120597 5.984306335449219e-05 0.998
92 0.8909327612675902 0.891410349863506 5.91278076171875e-05 0.998
93 0.8837720975898076 0.8848353579607404 6.699562072753906e-05 0.998
94 0.9066281303038758 0.9067610372338125 6.175041198730469e-05 0.998
95 0.9062590925811645 0.9067263060284377 5.984306335449219e-05 0.998
96 0.9144669141570158 0.9145743238050471 6.508827209472656e-05 0.998
97 0.8775610686426252 0.880252208723414 6.008148193359375e-05 0.998
98 0.9063456411692892 0.9079445339848186 5.984306335449219e-05 0.998
99 0.8943147835268235 0.8945503791271888 6.794929504394531e-05 0.998
100 0.9006438894058777 0.9028029902091601 6.008148193359375e-05 0.998
101 0.8935890419939868 0.894007032464964 5.817413330078125e-05 0.998
102 0.9119133441621794 0.9123252942797714 5.793571472167969e-05 0.998
103 0.9010859168244194 0.9052290482269011 7.009506225585938e-05 0.998
104 0.8978763139914883 0.8985427015469253 5.984306335449219e-05 0.998
105 0.9067226793607942 0.9067910522547058 6.008148193359375e-05 0.998
106 0.8805645284141942 0.8809403512051092 5.7220458984375e-05 0.998
107 0.8973976005091274 0.8995867134126674 5.91278076171875e-05 0.998
108 0.8969646111672245 0.8976095957064361 5.793571472167969e-05 0.998
109 0.903804411166614 0.9045104181006485 5.698204040527344e-05 0.998
110 0.8988605210332851 0.9013988792359526 6.198883056640625e-05 0.998
111 0.9037633089827983 0.905064633551364 6.103515625e-05 0.998
112 0.9030721317246235 0.9038877896967508 6.127357482910156e-05 0.998
113 0.9101663025422123 0.9108553505355204 7.200241088867188e-05 0.998
114 0.9083446189666823 0.9100491651666412 5.91278076171875e-05 0.998
115 0.8733994829051744 0.8734778920690844 5.793571472167969e-05 0.998
116 0.9010814231031766 0.9021655465551089 5.888938903808594e-05 0.998
117 0.8939436526563995 0.8940173831611947 5.698204040527344e-05 0.998
118 0.8880399777419702 0.8882638774652656 6.008148193359375e-05 0.998
119 0.891081464529214 0.8927666671763186 5.91278076171875e-05 0.998
120 0.9037873581563415 0.9046219383008933 5.7697296142578125e-05 0.998
121 0.9043752607359745 0.904393326226155 5.817413330078125e-05 0.998
122 0.9191691704839691 0.9193887380840486 6.222724914550781e-05 0.998
123 0.8930477539308255 0.8931015559438797 7.009506225585938e-05 0.998
124 0.9064864690062003 0.9070279390994045 9.322166442871094e-05 0.998
125 0.8975422093148487 0.8989481404335413 9.298324584960938e-05 0.998
126 0.9002008940467681 0.9009735190302103 0.00011801719665527344 0.998
127 0.9007630860074051 0.9016669202381448 5.888938903808594e-05 0.998
128 0.8941209389149345 0.8941668850008747 5.888938903808594e-05 0.998
129 0.8938719138060324 0.8987622332311465 5.91278076171875e-05 0.998
130 0.8840384820751069 0.8841057309031736 6.008148193359375e-05 0.998
131 0.9121833476949247 0.9139876222941369 5.817413330078125e-05 0.998
132 0.9084167286952219 0.9094858712881766 5.888938903808594e-05 0.998
133 0.8998196016403829 0.9021968489647928 6.914138793945312e-05 0.998
134 0.8949490799399727 0.8956701525611563 5.888938903808594e-05 0.998
135 0.8843109109803581 0.8856460633539902 5.91278076171875e-05 0.998
136 0.9050762559767566 0.9057313300977419 6.079673767089844e-05 0.998
137 0.8936057664893411 0.893762811758042 6.29425048828125e-05 0.998
138 0.8909854378135899 0.891024700845221 5.7220458984375e-05 0.998
139 0.896774444932875 0.8970433295409568 6.008148193359375e-05 0.998
140 0.903260344357462 0.9046147730525237 6.198883056640625e-05 0.998
141 0.8999294823687511 0.9036966234289823 6.604194641113281e-05 0.998
142 0.9041655811840404 0.905448047601892 0.0056569576263427734 0.998
143 0.9048288475312456 0.9067939072184568 6.389617919921875e-05 0.998
144 0.9000873401885957 0.9012149026698568 6.508827209472656e-05 0.998
145 0.9060440405592104 0.9083066655661914 6.008148193359375e-05 0.998
146 0.9038016546598169 0.9044456697842526 5.793571472167969e-05 0.998
147 0.8923083642966643 0.8936132525887089 5.6743621826171875e-05 0.998
148 0.8952067343291711 0.8982402705856536 5.91278076171875e-05 0.998
149 0.9044331630139166 0.9045184152626357 5.793571472167969e-05 0.998
150 0.8860963097585837 0.8873532786021524 5.7697296142578125e-05 0.998
