1 0.0028907235907487394 6.4437592589056765 0.22217297554016113 0.002
2 0.003214247352579946 9.072019457912116 0.21646881103515625 0.002
3 0.006362193531033067 10.79126030220194 0.21559977531433105 0.002
4 0.012916634997464501 18.3286338748676 0.21765398979187012 0.002
5 0.012497729642849549 28.535458567794084 0.21591901779174805 0.002
6 0.01834787141612775 33.405525003550444 0.21557927131652832 0.002
7 0.014859728448284664 42.42637323662332 0.21653199195861816 0.002
8 0.008686886810810285 62.221011846805304 0.21583223342895508 0.002
9 0.002994242322347824 95.59432027850055 0.2152550220489502 0.002
10 0.037729024090958234 115.57934323394562 0.21637797355651855 0.002
11 0.0842630999288492 171.22141830900358 0.21637892723083496 0.002
12 0.05554607467653355 268.0950453988193 0.2148299217224121 0.002
13 0.03065733068042075 364.7992092911733 0.21593379974365234 0.002
14 0.05851413046367815 544.8275915396802 0.2159719467163086 0.002
15 0.0818424684419414 746.1124841512212 0.21564102172851562 0.002
16 0.0842092146272531 968.7773408357218 0.21591711044311523 0.002
17 0.4876542822312587 1540.0840973501606 0.21614313125610352 0.002
18 1.3837750881600164 2165.568619447533 0.2157738208770752 0.002
19 0.6780204867370415 2890.964867922636 0.2168869972229004 0.002
20 1.4583574517278683 4619.585920528214 0.21620988845825195 0.002
21 1.44377619042441 7412.03436550606 0.21675682067871094 0.002
22 2.3496718468926168 7756.042378176312 0.2156069278717041 0.002
23 5.388787394986812 10121.936981400346 0.21670770645141602 0.002
24 0.7083735239646968 15698.585984981895 0.2154712677001953 0.002
25 11.092026413086456 19693.972722286904 0.21715903282165527 0.002
26 7.069275619532224 32823.35126499556 0.21577692031860352 0.002
27 6.105840424247683 31214.37477206051 0.21677613258361816 0.002
28 44.368957435858874 50889.5820967495 0.21789073944091797 0.002
29 70.64177040511403 85075.35828954453 0.2169802188873291 0.002
30 70.23677226111148 116619.65469398165 0.2153787612915039 0.002
31 54.90475430973449 145738.65849439922 0.21671772003173828 0.002
32 32.33891835929353 223267.6610346196 0.21583104133605957 0.002
33 40.429325770174735 290374.6816235356 0.21632981300354004 0.002
34 63.2036908290414 474729.2068101691 0.21630311012268066 0.002
35 141.45879894144443 507819.63812945614 0.21584486961364746 0.002
36 48.27147132914326 740363.2754455828 0.21668314933776855 0.002
37 99.5372907801379 1025300.7878596969 0.21733689308166504 0.002
38 358.1583370394575 1515726.5144048682 0.21742987632751465 0.002
39 1022.7932057130977 2517181.796582014 0.21593475341796875 0.002
40 1694.516026924777 3573034.718248325 0.21871709823608398 0.002
41 1098.5935949623565 3604550.404776361 0.21850085258483887 0.002
42 2331.0782650067113 5786725.050168495 0.2320570945739746 0.002
43 1292.0666173801478 8499742.270358892 0.21930217742919922 0.002
44 2744.913520244521 12128379.980121624 0.24636387825012207 0.002
45 5943.201470314168 16820065.466125064 0.29193878173828125 0.002
46 9070.837962058189 22127202.263468556 0.2871558666229248 0.002
47 13629.851792611407 35506841.87160562 0.24402618408203125 0.002
48 22476.391870831318 55775556.4196994 0.27217698097229004 0.002
49 8891.769252582702 59872217.63929957 0.299299955368042 0.002
50 52996.60561107579 88349962.34811108 0.23464703559875488 0.002
51 57022.09468486857 117651513.46590196 0.28000617027282715 0.002
52 50803.10074316542 165361154.84472364 0.24263691902160645 0.002
53 18600.873142690703 250602825.27142438 0.25722694396972656 0.002
54 153670.09724797364 422311599.4296322 0.21816706657409668 0.002
55 723089.0199887226 438769367.3378998 0.29453206062316895 0.002
56 46234.28814022131 683832553.0310817 0.29665589332580566 0.002
57 186966.3027183502 1080784118.1927426 0.2715909481048584 0.002
58 770585.337187432 1251652453.5052435 0.23059606552124023 0.002
59 995344.1480810366 2016168580.000379 0.231489896774292 0.002
60 1019743.5668040751 2562706787.894163 0.4359920024871826 0.002
61 652773.0715238099 3760061820.07872 0.21784591674804688 0.002
62 5463020.467387043 6155127700.920524 0.27078819274902344 0.002
63 2745375.938528941 6916939671.530324 0.2637360095977783 0.002
64 1802850.0842247962 9678355846.764746 0.22179198265075684 0.002
65 6275625.582838287 14904352684.871183 0.2356421947479248 0.002
66 5253638.612030392 20169205866.171207 0.2267436981201172 0.002
67 17535077.235889696 29302756548.13039 0.3185100555419922 0.002
68 25617180.792801224 35379137752.17531 0.22400522232055664 0.002
69 27753276.023850247 52150972789.19241 0.21637582778930664 0.002
70 10024105.959298002 67444121440.725525 0.21494388580322266 0.002
71 21910704.645925835 93881693073.3424 0.27744102478027344 0.002
72 52929394.71147494 140861831929.1023 0.23084807395935059 0.002
73 34692342.73631205 226420189089.0937 0.278454065322876 0.002
74 67447678.32127622 301323814210.8161 0.30022287368774414 0.002
75 53398669.827145435 437429789380.2101 0.2574589252471924 0.002
76 55186352.64580508 688522983116.565 0.31024932861328125 0.002
77 78314482.92535818 946662553103.7449 0.2838928699493408 0.002
78 469864183.15462554 1189332027090.3108 0.215562105178833 0.002
79 421297065.065869 1639235002411.5637 0.4441688060760498 0.002
80 877536116.9572777 2537749942795.2373 0.221419095993042 0.002
81 461821750.56414324 3108223616059.847 0.2152271270751953 0.002
82 404474562.00073606 4231539947501.0127 0.21772384643554688 0.002
83 690837761.4211901 6006289914902.639 0.21582794189453125 0.002
84 1059759280.2609832 9409211587952.447 0.21532797813415527 0.002
85 1990163176.7809472 13341728849290.291 0.21532225608825684 0.002
86 2437465641.7220426 13349802730563.56 0.2159731388092041 0.002
87 7429642395.204979 24642135897603.01 0.21686196327209473 0.002
88 13848407084.800682 29240630135239.754 0.21642494201660156 0.002
89 23858928456.593674 45091103528733.75 0.2172999382019043 0.002
90 3894644617.0152116 55049530646943.336 0.2162768840789795 0.002
91 10012770668.060629 104588185857186.33 0.21563410758972168 0.002
92 22542081003.72092 128222133695078.94 0.21555280685424805 0.002
93 34921993897.27608 177971248733704.44 0.21628999710083008 0.002
94 236030241571.89648 258252679128949.6 0.2150740623474121 0.002
95 143910764551.73602 343791937411004.6 0.2182760238647461 0.002
96 151573545612.78284 491542012884213.0 0.2145988941192627 0.002
97 413358522646.9022 763690662491735.9 0.2155909538269043 0.002
98 264689335476.47958 1166171004322705.8 0.21621417999267578 0.002
99 209079116642.26434 1420421832324682.5 0.21613001823425293 0.002
100 198690404057.1396 1974662259843925.2 0.2155170440673828 0.002
101 420629297968.98987 2448106139904690.0 0.21668696403503418 0.002
102 1082343836207.3065 3232339727967600.0 0.2156822681427002 0.002
103 2828642848008.937 4683937143667880.0 0.21527099609375 0.002
104 1251310077796.19 8396718991093248.0 0.2154541015625 0.002
105 5059413646386.046 1.0571063748604964e+16 0.21620774269104004 0.002
106 991600611620.3623 1.3407744005939436e+16 0.2513430118560791 0.002
107 4314324588249.074 1.7542300347235714e+16 0.23420023918151855 0.002
108 1344218849104.9285 2.5893293045555664e+16 0.2675151824951172 0.002
109 32101822384936.062 3.644178900286053e+16 0.21661996841430664 0.002
110 2231278694492.5796 5.0721417440333944e+16 0.24360394477844238 0.002
111 31169733546978.17 6.7196227445573016e+16 0.2826850414276123 0.002
112 86879142712045.44 1.4043846781513323e+17 0.2412269115447998 0.002
113 22929970945892.37 1.2579708826462355e+17 0.295407772064209 0.002
114 83385536617905.62 1.973495203142412e+17 0.24600982666015625 0.002
115 60239166509152.125 3.2704631474557005e+17 0.2644631862640381 0.002
116 61253852221364.46 4.297806893508266e+17 0.24171113967895508 0.002
117 213206579582984.28 6.058168556425617e+17 0.2272801399230957 0.002
118 73705835318104.66 7.55421967256977e+17 0.23077821731567383 0.002
119 90109270027420.5 1.216991730766714e+18 0.2202770709991455 0.002
120 435125582859397.75 1.5202590403469023e+18 0.2455439567565918 0.002
121 1496839166143702.8 2.4456056429792297e+18 0.24433207511901855 0.002
122 681886912625852.6 3.0459432641234104e+18 0.2616722583770752 0.002
123 4066966811990392.5 5.343377919229232e+18 0.24411487579345703 0.002
124 1933072245376663.8 6.120141752625708e+18 0.24582886695861816 0.002
125 5007279065367474.0 8.936944719861402e+18 0.27707886695861816 0.002
126 5097638916712388.0 1.2576016336084093e+19 0.28298091888427734 0.002
127 4325132828017672.0 1.4497250605589338e+19 0.23485517501831055 0.002
128 5320527996096328.0 2.3634164738965987e+19 0.2372422218322754 0.002
129 1455695075836131.2 3.09206238373083e+19 0.24995207786560059 0.002
130 7193594114520922.0 5.769775117720443e+19 0.22667312622070312 0.002
131 2.000779934358807e+16 6.499782260762464e+19 0.25617313385009766 0.002
132 1.8633537716082892e+16 9.97879807180079e+19 0.2334609031677246 0.002
133 5.179914978397273e+16 1.1346711064297131e+20 0.35651707649230957 0.002
134 9.815403246526859e+16 1.6514808411431856e+20 0.22650623321533203 0.002
135 1.0520870941376742e+17 2.321579175622393e+20 0.29550671577453613 0.002
136 3.731347215925628e+17 4.111115367433992e+20 0.2624938488006592 0.002
137 2.234346347149169e+16 3.9738026343121466e+20 0.25705814361572266 0.002
138 1.515721766247705e+17 6.242145843014732e+20 0.22625017166137695 0.002
139 2.803723446354147e+17 9.476572594523868e+20 0.4456300735473633 0.002
140 4.293053420813874e+17 1.1364666066499478e+21 0.23615503311157227 0.002
141 9.394057075668649e+17 1.991113093124382e+21 0.23130393028259277 0.002
142 1.727611482954261e+18 3.033063720301875e+21 0.2389659881591797 0.002
143 3.810024140071987e+17 3.391221478929461e+21 0.22841286659240723 0.002
144 4.012528690915342e+18 5.359355175167976e+21 0.26374030113220215 0.002
145 1.0981433594422843e+18 6.655502254837334e+21 0.2162761688232422 0.002
146 3.0028662922325356e+18 1.276656944044787e+22 0.21535992622375488 0.002
147 6.555969295734843e+18 1.745797311477067e+22 0.2156360149383545 0.002
148 1.0197407945128684e+19 1.8306804741596454e+22 0.21666622161865234 0.002
149 2.7540437158778783e+18 2.561405738476738e+22 0.2165210247039795 0.002
150 8.327486896654057e+18 3.4336315006106173e+22 0.21634888648986816 0.002
