1 0.002877419476862375 0.9986282209950658 0.22666120529174805 0.002
2 0.002207944320828159 0.9971531762046786 0.2230992317199707 0.002
3 0.0007643012236464575 0.9984245732903153 0.21540021896362305 0.002
4 0.0008539526003448206 0.9971221317457215 0.21843695640563965 0.002
5 0.0003199209476396625 0.9994474307517897 0.2685208320617676 0.002
6 0.002068860651971538 0.9985955245037282 0.26798176765441895 0.002
7 0.0007267416163966312 0.9980782636907845 0.2953457832336426 0.002
8 0.0004431724607570908 0.9976844074957547 0.26535511016845703 0.002
9 0.0021814269169461165 0.996442730228963 0.27546072006225586 0.002
10 0.0013576070208601854 0.9990316895075019 0.26355981826782227 0.002
11 0.0018825081017895817 0.9995907270558272 0.27886533737182617 0.002
12 0.001613372759434184 0.9972454932235123 0.24388527870178223 0.002
13 0.0011191662682888959 0.998789166479399 0.2469801902770996 0.002
14 0.0008781875366611347 0.9987856960503012 0.22887802124023438 0.002
15 0.0022786545442171624 0.9996048078843226 0.22410225868225098 0.002
16 0.0004973634126527182 0.9981760908030274 0.2219557762145996 0.002
17 0.0014410605119822284 0.9965586049850172 0.23980998992919922 0.002
18 0.0027663873902492586 0.9988319246189066 0.22523808479309082 0.002
19 0.003255482506058338 0.9987298893253678 0.278195858001709 0.002
20 0.0021166538225254605 0.9985264749548403 0.26710987091064453 0.002
21 0.0007210158017750823 0.9974518188946576 0.43681907653808594 0.002
22 0.0012450688472738225 0.9981212138210125 0.25222182273864746 0.002
23 0.0030201375368626993 0.9985957494616006 0.21825504302978516 0.002
24 0.0006191950056023687 0.998814822484608 0.22900986671447754 0.002
25 0.004005743791504202 0.9996749800019726 0.23254108428955078 0.002
26 0.0016678530449109052 0.9981888666443136 0.22727084159851074 0.002
27 0.002945567616669975 0.9973597860260665 0.25719308853149414 0.002
28 0.002690523651514787 0.9959103738216164 0.2565009593963623 0.002
29 0.001419927283025979 0.9995571768301349 0.21579289436340332 0.002
30 0.0005637620774375796 0.9978960551224381 0.23157978057861328 0.002
31 0.0019275230483827288 0.9993414329397112 0.2826859951019287 0.002
32 0.00026922108425597724 0.9984240294084425 0.21754002571105957 0.002
33 0.0015499379719084994 0.9995449851068781 0.23394513130187988 0.002
34 0.0003590561478468146 0.999456442190745 0.22931694984436035 0.002
35 0.0016796158272154305 0.99559009095278 0.2189650535583496 0.002
36 0.0008107652829594247 0.9981121503617555 0.291032075881958 0.002
37 0.00027627963852006054 0.9997912660371062 0.23870515823364258 0.002
38 0.0004737123837168511 0.9964304471585498 0.21510982513427734 0.002
39 0.003617486832625416 0.999005660175221 0.3347291946411133 0.002
40 0.001665846232912993 0.9955702660473934 0.2172529697418213 0.002
41 0.0025835047990956372 0.9979976586853037 0.31374287605285645 0.002
42 0.0014111365256763708 0.9993141209405145 0.21810317039489746 0.002
43 0.0013263344972762603 0.9980809157367794 0.24561834335327148 0.002
44 0.0022848635079187885 0.9988044877494906 0.27562499046325684 0.002
45 0.0031267090798048347 0.9991827453912359 0.21523404121398926 0.002
46 0.002326058860656177 0.9988030600772754 0.22265315055847168 0.002
47 0.0005781621703916384 0.9945180089455568 0.2566688060760498 0.002
48 0.0004293395399878053 0.999451479614963 0.24507808685302734 0.002
49 0.0037972618245272205 0.9967275647053292 0.2365880012512207 0.002
50 0.00155132178437134 0.9980316785431292 0.4449601173400879 0.002
51 0.0015419214664761371 0.9942826363332816 0.21600937843322754 0.002
52 0.0018524908736876622 0.9979477895812471 0.2420332431793213 0.002
53 0.0007136563736994672 0.9972422037254516 0.3787710666656494 0.002
54 0.001165369890192225 0.997964890033216 0.2358839511871338 0.002
55 0.0008604414662296556 0.9992960475611373 0.4018528461456299 0.002
56 0.0012842956747672885 0.9976288592160066 0.21845006942749023 0.002
57 0.0015027561823670599 0.9991347726199872 0.2245311737060547 0.002
58 0.0020735854495086414 0.9968988601849544 0.225722074508667 0.002
59 0.0023562561736766297 0.999323206961093 0.22484683990478516 0.002
60 0.0016333530600510793 0.9967562435431736 0.22690606117248535 0.002
61 0.0005925702810564148 0.9975742862782948 0.39415693283081055 0.002
62 0.0007572844562906411 0.9980018127194946 0.2291121482849121 0.002
63 0.00714921933932533 0.9984600157031028 0.26076316833496094 0.002
64 0.0014623390785285517 0.9984886950239907 0.3391878604888916 0.002
65 0.0012261894545168017 0.9990194580151565 0.22084379196166992 0.002
66 0.0018712970375750482 0.9978012522707403 0.2156679630279541 0.002
67 0.0034930248612631276 0.9987853850750661 0.23434185981750488 0.002
68 0.0013880141430969717 0.997828861918126 0.2208080291748047 0.002
69 0.001346813510895939 0.9985460729375772 0.2916553020477295 0.002
70 0.004292453093256543 0.9989782353334395 0.2557709217071533 0.002
71 0.0013129032877952085 0.997027061827448 0.22315382957458496 0.002
72 0.0022866462024807577 0.9996301233217809 0.22252225875854492 0.002
73 0.002964340284265732 0.9991997369145164 0.21513080596923828 0.002
74 0.00032237176855332006 0.9973675024715318 0.21572208404541016 0.002
75 0.0013373565151808542 0.9983537752177298 0.2153017520904541 0.002
76 0.001664751336582615 0.9976226379598001 0.2171928882598877 0.002
77 0.001133834045184745 0.999043009663122 0.21611499786376953 0.002
78 0.00023324451717343653 0.9971835359698459 0.21847915649414062 0.002
79 0.0028687898451924543 0.9990717766513704 0.21651411056518555 0.002
80 0.0027772732160896707 0.9993181468355066 0.21548795700073242 0.002
81 0.006347676926330648 0.9929066419267916 0.21615123748779297 0.002
82 0.001284418793132569 0.9970730181862901 0.21616005897521973 0.002
83 0.0011753987781814024 0.9977045051287818 0.21550297737121582 0.002
84 0.00040293211982533883 0.999158855144468 0.24096202850341797 0.002
85 0.001582247181623142 0.99843457227928 0.2510659694671631 0.002
86 0.0015134084975291229 0.9989140334298341 0.39343905448913574 0.002
87 0.0029420860184893316 0.9991792557268561 0.2259359359741211 0.002
88 0.0005896111961375405 0.9969752261010123 0.22399020195007324 0.002
89 0.0053624900285984545 0.9977774253304976 0.2523620128631592 0.002
90 0.002057955714338866 0.999845252200426 0.23399782180786133 0.002
91 0.00586333650422477 0.9994867200804808 0.27260708808898926 0.002
92 0.0006317818116908791 0.999079435981139 0.21939396858215332 0.002
93 0.002467214793115624 0.9974275671520437 0.21695399284362793 0.002
94 0.00463926364440026 0.9976380361302938 0.22296714782714844 0.002
95 0.0015065216181381347 0.9979166267507036 0.21685504913330078 0.002
96 0.0019310611318211768 0.9995450091216085 0.2155618667602539 0.002
97 0.00024062526201562573 0.9972581482240485 0.21480894088745117 0.002
98 0.0009037405977501134 0.9987092521937582 0.21691513061523438 0.002
99 0.001927130108350883 0.9961340402345338 0.21550798416137695 0.002
100 0.0008582814213820011 0.9970145553015068 0.21533799171447754 0.002
101 0.002705130543687595 0.997770399294563 0.21584391593933105 0.002
102 0.0006992095746785054 0.9968751911626361 0.21620893478393555 0.002
103 0.00413115499028216 0.9982882111543316 0.21730613708496094 0.002
104 0.0016412946073846024 0.9983377118087162 0.21541285514831543 0.002
105 0.0012301692470579884 0.9968224605512098 0.2159440517425537 0.002
106 0.0006522295203916784 0.9979026403685273 0.21529603004455566 0.002
107 0.0030101187002231633 0.9942743194768232 0.21581101417541504 0.002
108 0.0018925640841696012 0.9982734179808228 0.21495485305786133 0.002
109 0.001417689173567882 0.9977538276394098 0.21485614776611328 0.002
110 0.003974182885972066 0.9994150311863877 0.21558189392089844 0.002
111 0.003744387081073164 0.9964195187718964 0.22047686576843262 0.002
112 0.0011012848363699534 0.9977577402496546 0.23062872886657715 0.002
113 0.002660424554264962 0.9948330428037858 0.23151898384094238 0.002
114 0.0014781818968266913 0.9991899451868954 0.2264878749847412 0.002
115 0.0012365770551187039 0.9943167741364773 0.2238600254058838 0.002
116 0.0002684277768386645 0.9984328198941556 0.26190829277038574 0.002
117 0.002761772227016457 0.9991173314561119 0.24141407012939453 0.002
118 0.0023842741498606435 0.9963244956057727 0.2254009246826172 0.002
119 0.0004297009293878773 0.9970017118244136 0.234619140625 0.002
120 0.0010373055953625254 0.9991518873903373 0.22710084915161133 0.002
121 0.004891793677244127 0.9990423731050874 0.22115612030029297 0.002
122 0.0016840960533522908 0.9986752256615673 0.23240303993225098 0.002
123 0.0022560847587301813 0.9966647482865528 0.3500239849090576 0.002
124 0.0010594662334868499 0.9959690744072279 0.2356128692626953 0.002
125 0.001676014013371696 0.9969858628056757 0.2348191738128662 0.002
126 0.0009466346455929697 0.9978661987377702 0.22624993324279785 0.002
127 0.004875264515466382 0.9960016055235694 0.2311398983001709 0.002
128 0.0009190743682507829 0.9982659236974804 0.22708821296691895 0.002
129 0.000893331040032308 0.9931707164822328 0.23764920234680176 0.002
130 0.0012931920440956146 0.9987349396907708 0.23928594589233398 0.002
131 0.0013161867832446328 0.9996756012397325 0.29650092124938965 0.002
132 0.0019305649262759683 0.9994124483028095 0.2214641571044922 0.002
133 0.0029388413762320154 0.9996511535687435 0.2541770935058594 0.002
134 0.004945506458273741 0.9985799008901809 0.27028512954711914 0.002
135 0.001924729227434474 0.9973661829561081 0.25281214714050293 0.002
136 0.006391588378376167 0.9986403512482751 0.21710681915283203 0.002
137 0.003063060575443033 0.9976464058035598 0.26744699478149414 0.002
138 0.0007661717417399849 0.9990522570537973 0.2523019313812256 0.002
139 0.0007006895436607596 0.9973648292423322 0.22718501091003418 0.002
140 0.0006333042578338111 0.9941339069081484 0.40202784538269043 0.002
141 0.006102320034360842 0.9986849812157566 0.27196502685546875 0.002
142 0.0016035542823722437 0.999317026396137 0.2968869209289551 0.002
143 0.0023033959642034807 0.9969253716539703 0.22930288314819336 0.002
144 0.004039136191612558 0.9961411685724951 0.21744608879089355 0.002
145 0.0014472972033545695 0.9982614652552682 0.22136402130126953 0.002
146 0.001033481379088541 0.9948626876989201 0.22307419776916504 0.002
147 0.00355454890013418 0.9980710708076646 0.21623897552490234 0.002
148 0.002773952980340999 0.9989727400363745 0.2185680866241455 0.002
149 0.0027015069963627347 0.9995271688004265 0.24765396118164062 0.002
150 0.002696351146759035 0.9955967157408683 0.24538373947143555 0.002
