1 -2.557454501105207 2.7731669655524147 0.22246503829956055 0.002
2 -3.2371741655403086 3.2932517800429078 0.2212510108947754 0.002
3 -2.927438688468642 3.20464206177303 0.22793984413146973 0.002
4 -3.189259641047337 2.6201916890279504 0.22276711463928223 0.002
5 -2.862030788913854 3.1072784928373096 0.21661114692687988 0.002
6 -3.001018361980199 2.9435835243275155 0.23073410987854004 0.002
7 -2.7920938684930228 2.8199688249998425 0.25921177864074707 0.002
8 -3.0659979933688 2.8533177765187965 0.2727360725402832 0.002
9 -2.8338430941437833 3.0020676891359956 0.23519110679626465 0.002
10 -2.8776023717271006 2.5755252063538308 0.3228590488433838 0.002
11 -2.888704491893968 2.980383451989729 0.24695181846618652 0.002
12 -2.8151387845723583 2.6700586304344687 0.24516820907592773 0.002
13 -3.141721628559719 3.3105840877098536 0.2269303798675537 0.002
14 -3.0000716019989744 2.5210499987778467 0.22134900093078613 0.002
15 -2.6857926007463675 3.0637751351788487 0.23869919776916504 0.002
16 -3.0207580979574007 3.0105827452612126 0.28433990478515625 0.002
17 -2.72965145783025 2.8939471159107297 0.2158350944519043 0.002
18 -3.316979255121048 2.970698151238031 0.22368288040161133 0.002
19 -3.1853106688100854 3.316078339569303 0.22503423690795898 0.002
20 -2.888048780963819 3.167560870129183 0.22666501998901367 0.002
21 -3.0500659318379295 2.931375087529037 0.22920799255371094 0.002
22 -3.232809685344978 2.786813936482363 0.23971009254455566 0.002
23 -3.6594124496550013 2.813539069015182 0.23773694038391113 0.002
24 -2.811773778800813 2.8466103539211067 0.25303220748901367 0.002
25 -3.058774665759485 3.1030622556943053 0.44701719284057617 0.002
26 -3.1901777624060315 3.0823355046173826 0.22133898735046387 0.002
27 -3.2944409422597913 2.8790347164030994 0.2234199047088623 0.002
28 -2.5732444552665945 2.8671037948490437 0.22345709800720215 0.002
29 -3.1281141051675205 2.694112806628343 0.21747303009033203 0.002
30 -2.956831793051964 2.811771825974757 0.21596717834472656 0.002
31 -2.8246721985984364 2.90723114135087 0.21644306182861328 0.002
32 -2.7334471321715648 3.138775652180589 0.21689295768737793 0.002
33 -2.5628019841801484 2.589229733513462 0.21539616584777832 0.002
34 -3.2995653006025547 3.0964869219727746 0.21744513511657715 0.002
35 -3.2165011702520014 2.6400503064319247 0.2152540683746338 0.002
36 -3.232288320678702 2.4936183286312987 0.21501898765563965 0.002
37 -2.993212527245998 2.9098811055897693 0.2166118621826172 0.002
38 -2.8793005930566458 2.8530088933431954 0.23835182189941406 0.002
39 -2.777876318828767 3.0816196190585043 0.21996212005615234 0.002
40 -3.9591180828529406 3.0582027341207096 0.35259175300598145 0.002
41 -2.706347002250599 2.621366075726874 0.26712799072265625 0.002
42 -2.783381005919565 2.8337269518464105 0.2609231472015381 0.002
43 -2.8733929358851498 2.9233479917690195 0.2156529426574707 0.002
44 -3.2602531319021777 3.287272764319561 0.22350811958312988 0.002
45 -2.5998689255701013 3.1595613164724603 0.2239830493927002 0.002
46 -3.27269440034516 2.7749721871438813 0.2190999984741211 0.002
47 -2.827623038080034 2.9254497988906096 0.21770906448364258 0.002
48 -2.8324416999780246 2.6780207586251237 0.21640610694885254 0.002
49 -3.079486336792417 3.4498866987035717 0.21593093872070312 0.002
50 -3.004370693576464 2.9476643644573293 0.21550893783569336 0.002
51 -3.122105782816799 3.3030499771523063 0.21596813201904297 0.002
52 -3.0859952885523074 3.091060884620933 0.2155930995941162 0.002
53 -2.777337499886615 2.8435220519396953 0.21515393257141113 0.002
54 -2.6825719095733414 2.9997708031351333 0.21482491493225098 0.002
55 -2.891678536929532 2.819478995041666 0.21588587760925293 0.002
56 -2.7907376397697328 3.0512286476979344 0.2155139446258545 0.002
57 -2.783643718729983 3.0810690627016677 0.21686887741088867 0.002
58 -3.1829006727637754 3.1591675391780196 0.2161860466003418 0.002
59 -2.88650557046391 3.117620773408589 0.21665096282958984 0.002
60 -2.9955688545734858 2.891961659468111 0.21595001220703125 0.002
61 -2.5358811845111293 2.974319290197224 0.2154397964477539 0.002
62 -3.0727132320932884 3.34511667008984 0.21574926376342773 0.002
63 -3.1150994839415964 2.874222696755351 0.21633195877075195 0.002
64 -2.8919106594949544 3.0349022841394713 0.2154710292816162 0.002
65 -2.7864766776447505 3.1690445352304795 0.21474909782409668 0.002
66 -3.120285929452414 2.8173130499172614 0.21583080291748047 0.002
67 -3.110528875919138 2.7487942194853376 0.2153007984161377 0.002
68 -2.782760477549343 3.0300062209002068 0.21785497665405273 0.002
69 -2.975053722521941 2.9407258136683225 0.21584796905517578 0.002
70 -2.8278671068365475 3.37431125333539 0.21472406387329102 0.002
71 -3.1008325645020367 2.8657058295171174 0.2169792652130127 0.002
72 -3.1781427522675916 2.8051900593112236 0.2152400016784668 0.002
73 -2.6678837820839005 2.8966058661485916 0.21570491790771484 0.002
74 -2.7054379768548986 2.6554061102719246 0.2152540683746338 0.002
75 -2.848933694611518 2.690717069319491 0.2163689136505127 0.002
76 -3.104631205823661 2.804580532552771 0.21596789360046387 0.002
77 -3.0402021586017267 2.575083149315703 0.21625590324401855 0.002
78 -2.9189308466956136 2.875643540617086 0.2181401252746582 0.002
79 -2.9304855993216834 2.933426718417904 0.2197260856628418 0.002
80 -2.8399133337318965 3.080453951037503 0.21549606323242188 0.002
81 -3.4750576811859877 3.109134500273119 0.21654415130615234 0.002
82 -2.9152115612665126 2.857191996407058 0.21687817573547363 0.002
83 -2.8553771079130126 2.779052468573608 0.2169361114501953 0.002
84 -3.209580124093362 2.7355643344194713 0.21555113792419434 0.002
85 -2.8000681082706715 2.815935194534674 0.21576428413391113 0.002
86 -3.507511085361905 2.7302729578779426 0.21630430221557617 0.002
87 -3.2902829303044534 3.120748319883631 0.21850228309631348 0.002
88 -2.8733527711280917 2.91868055351283 0.21605801582336426 0.002
89 -2.9107773574475506 2.621262474767148 0.25690603256225586 0.002
90 -2.8381808115910654 3.1097411145880827 0.21927499771118164 0.002
91 -3.314886262259622 3.1170691714270737 0.2211170196533203 0.002
92 -2.7080287620335155 2.888932927000707 0.2221391201019287 0.002
93 -2.920288498482258 2.8046153537954415 0.24852824211120605 0.002
94 -2.9387090488084557 3.249939477033422 0.2269423007965088 0.002
95 -2.9828574469386178 2.571294614313371 0.22017884254455566 0.002
96 -2.9915566281849832 3.1584227763388255 0.2886509895324707 0.002
97 -3.0874802456980843 2.919525359429026 0.26134610176086426 0.002
98 -3.0408067354088 3.0966434096443747 0.24080395698547363 0.002
99 -3.743713273696373 2.7939451825505013 0.22104883193969727 0.002
100 -2.8631768256637886 2.753955256113632 0.21704792976379395 0.002
101 -2.784331317303286 3.6841889756594854 0.2187190055847168 0.002
102 -2.7526283876693203 2.6804788785588682 0.26146817207336426 0.002
103 -2.7969727814065326 2.666305673063619 0.22096014022827148 0.002
104 -3.026263514862123 2.5973067806885397 0.27255892753601074 0.002
105 -2.6663545701959843 2.7309569989045217 0.21917510032653809 0.002
106 -3.2121135707202697 3.064534955183189 0.216688871383667 0.002
107 -2.5094310116792276 2.7848361106486705 0.2161259651184082 0.002
108 -3.295297647121787 3.1830067359713365 0.21534991264343262 0.002
109 -2.863501937133969 2.880027748354509 0.2164759635925293 0.002
110 -3.034088393014864 2.9575213167435317 0.21541714668273926 0.002
111 -2.9273675992353776 2.892025227549612 0.21567177772521973 0.002
112 -2.5653880167624354 3.1844254957719995 0.21596097946166992 0.002
113 -3.0622770725353012 2.875694649939826 0.21686911582946777 0.002
114 -3.394489114581548 2.6921122911201674 0.2166121006011963 0.002
115 -2.7301064976391176 2.9584524384872246 0.2166149616241455 0.002
116 -2.830056194633871 2.540366937374592 0.21645903587341309 0.002
117 -2.8479731874156706 2.7080932886913303 0.21730399131774902 0.002
118 -3.024466238463917 3.043925722522796 0.2756822109222412 0.002
119 -2.731256145140716 2.916646636188919 0.3506910800933838 0.002
120 -2.6939901248501896 2.850579639282165 0.22529101371765137 0.002
121 -2.9476728469570466 2.6966573782863064 0.22426271438598633 0.002
122 -3.0214835933499202 2.9593024635389806 0.22193694114685059 0.002
123 -3.118327560407846 2.839726664831097 0.2842223644256592 0.002
124 -2.94796997843545 2.399983231970674 0.25739502906799316 0.002
125 -2.706610383095618 2.7598880333322175 0.22359418869018555 0.002
126 -3.061778126748703 2.97190543662201 0.22359967231750488 0.002
127 -2.6665119162809336 2.788829930375111 0.3594489097595215 0.002
128 -3.55367362785109 3.063178243256419 0.24349594116210938 0.002
129 -3.2271318805476215 2.9214135972735438 0.2296750545501709 0.002
130 -2.937001747002029 3.1258697652298126 0.23364567756652832 0.002
131 -2.996291247508129 2.630170050818613 0.24188899993896484 0.002
132 -2.945156197263782 2.8353296218287123 0.21632122993469238 0.002
133 -2.869168864188389 2.6560731983254553 0.21710801124572754 0.002
134 -2.953102403288662 2.980226656576595 0.21654987335205078 0.002
135 -2.729489489764829 2.9062518355606515 0.21623015403747559 0.002
136 -2.9063843750113736 2.5126012922496046 0.2154700756072998 0.002
137 -2.9158037475108944 2.889978828785041 0.25232696533203125 0.002
138 -2.774706259167845 3.0211836139697805 0.28607606887817383 0.002
139 -2.8328527976265545 3.0820492378466597 0.2156980037689209 0.002
140 -3.203101114196898 2.5980916725519654 0.21475791931152344 0.002
141 -2.723720088101319 2.549468673847653 0.21576499938964844 0.002
142 -2.9015203899858983 2.957685462394365 0.21567773818969727 0.002
143 -2.8054439471421353 2.9779322843232845 0.21591782569885254 0.002
144 -2.9737977114796603 3.203503661874087 0.2159709930419922 0.002
145 -2.9004324083597646 3.736073658765424 0.2162327766418457 0.002
146 -3.2884195478310683 2.7445866434585153 0.21575188636779785 0.002
147 -2.8555329407975387 2.9201708924197414 0.21647214889526367 0.002
148 -3.054137285011996 3.023547109260078 0.216202974319458 0.002
149 -2.822698035168982 3.0111620841841846 0.21577811241149902 0.002
150 -3.160037042653405 2.85440406420135 0.21677398681640625 0.002
