1 4.804257477321312 4.83082294703664 0.00013494491577148438 0.998
2 7.498839876795539 7.554462811599869 5.602836608886719e-05 0.998
3 7.957993785213891 8.100263703730112 5.5789947509765625e-05 0.998
4 11.492489189546056 11.928479444487229 5.6743621826171875e-05 0.998
5 19.330927531762146 19.34385921911957 5.602836608886719e-05 0.998
6 24.901027292155618 24.916639702189645 8.20159912109375e-05 0.998
7 33.22796094345649 33.43669348869689 8.296966552734375e-05 0.998
8 47.628564683958984 48.14927535534304 7.891654968261719e-05 0.998
9 66.10631681649433 67.67790478291232 6.890296936035156e-05 0.998
10 96.56958698146609 97.53589297740443 6.890296936035156e-05 0.998
11 118.91350471228566 126.65021910999788 6.794929504394531e-05 0.998
12 188.48055734888143 190.38572200803168 4.935264587402344e-05 0.998
13 232.52291416048215 240.01933464369665 4.982948303222656e-05 0.998
14 393.5427467181884 394.28139776864094 6.890296936035156e-05 0.998
15 496.10049626657815 528.9723444766861 9.894371032714844e-05 0.998
16 644.2394239147969 652.0141095225994 6.4849853515625e-05 0.998
17 1087.4251739253284 1091.1554382248503 6.604194641113281e-05 0.998
18 1522.2075075983537 1522.9781199049062 8.20159912109375e-05 0.998
19 2058.7585857944227 2091.11824638409 6.866455078125e-05 0.998
20 2965.466960430039 3009.2489786411807 4.887580871582031e-05 0.998
21 4103.889196634516 4325.107341542408 4.9114227294921875e-05 0.998
22 6072.7936914247575 6262.294184191316 4.9114227294921875e-05 0.998
23 7967.642089261721 8062.632543718426 4.792213439941406e-05 0.998
24 10611.67429134049 10755.836332420517 4.792213439941406e-05 0.998
25 13562.471387450914 13679.308200562924 4.76837158203125e-05 0.998
26 24163.87189067142 24557.972052634304 0.00010395050048828125 0.998
27 23966.533350476406 23992.956642443205 5.1021575927734375e-05 0.998
28 37555.11091846291 37806.56380255781 5.1021575927734375e-05 0.998
29 57672.61645853996 57697.55394235827 5.1975250244140625e-05 0.998
30 85557.32843335893 88600.52165772731 7.295608520507812e-05 0.998
31 113571.69618115248 115333.60723769244 7.510185241699219e-05 0.998
32 168329.16241351128 169174.4280019449 7.390975952148438e-05 0.998
33 230337.75187587904 230686.60306575435 6.008148193359375e-05 0.998
34 328042.5758222314 357985.692084411 6.198883056640625e-05 0.998
35 402474.0337116783 404787.38276010234 6.198883056640625e-05 0.998
36 583873.8419324441 603535.020005481 5.3882598876953125e-05 0.998
37 805643.4105241696 819760.6436727624 5.1975250244140625e-05 0.998
38 1128452.0897271028 1137021.0242225449 4.887580871582031e-05 0.998
39 1650989.8879519864 1658327.1331966866 5.078315734863281e-05 0.998
40 2174875.1815323285 2185180.8679710994 4.887580871582031e-05 0.998
41 2914667.7046366646 3078183.4591664085 4.887580871582031e-05 0.998
42 4611305.098551589 4633882.06103043 5.030632019042969e-05 0.998
43 6094828.204234349 6199794.862164641 5.0067901611328125e-05 0.998
44 9174405.573731182 9200549.20771367 4.887580871582031e-05 0.998
45 12850758.244931357 12910943.692632698 4.8160552978515625e-05 0.998
46 17511345.286274966 17540429.072891213 6.103515625e-05 0.998
47 23622785.206966482 24787291.40781305 4.9114227294921875e-05 0.998
48 35170550.660208195 35583439.36406396 4.982948303222656e-05 0.998
49 40723630.49828442 42665341.94482021 4.887580871582031e-05 0.998
50 62325104.72743509 62476065.68368851 4.887580871582031e-05 0.998
51 91193292.83573742 91920180.91475241 4.9114227294921875e-05 0.998
52 118723915.92377889 120194087.66791275 4.76837158203125e-05 0.998
53 190238668.91699082 192833987.44428188 5.0067901611328125e-05 0.998
54 273173249.22793907 280185377.25622547 4.982948303222656e-05 0.998
55 321692902.96717435 328741477.3714931 4.8160552978515625e-05 0.998
56 490823168.2970597 494830399.0974841 5.1021575927734375e-05 0.998
57 819123968.1557001 826501856.2147454 7.700920104980469e-05 0.998
58 959859202.6187308 969397405.5628053 7.200241088867188e-05 0.998
59 1404320828.1697164 1447703588.2438989 0.0001347064971923828 0.998
60 1958580785.4555025 1960951039.6269147 6.413459777832031e-05 0.998
61 2653953733.801177 2751969469.9721375 6.604194641113281e-05 0.998
62 3980100988.7484355 4003821227.3932095 6.699562072753906e-05 0.998
63 5432047256.462994 5511788219.949742 6.699562072753906e-05 0.998
64 7926793737.322174 7968604024.837523 9.608268737792969e-05 0.998
65 10194510708.26312 10756412844.77168 6.723403930664062e-05 0.998
66 13910237024.965853 13933475343.367136 6.985664367675781e-05 0.998
67 20254798240.01834 20751954509.712624 6.508827209472656e-05 0.998
68 26327807740.49393 26490633852.33633 4.8160552978515625e-05 0.998
69 37466479962.50353 37480608320.66784 4.9114227294921875e-05 0.998
70 52795049021.31882 53235620773.942184 0.00014781951904296875 0.998
71 77519340101.83269 81112266455.14235 6.198883056640625e-05 0.998
72 104861705159.90851 106309419018.7316 5.1021575927734375e-05 0.998
73 153007275748.0238 154209218377.65213 5.1021575927734375e-05 0.998
74 184587272004.39883 189002231341.9945 4.982948303222656e-05 0.998
75 274247855497.48663 290884776262.5926 5.125999450683594e-05 0.998
76 415671924150.0477 431445813935.0553 0.00010704994201660156 0.998
77 568636539018.3564 578838250001.823 4.792213439941406e-05 0.998
78 845890718713.482 879869775339.9052 4.8160552978515625e-05 0.998
79 1138085627098.6836 1172010033522.451 4.9114227294921875e-05 0.998
80 1588431033478.22 1597651667348.9612 4.792213439941406e-05 0.998
81 2152861326628.5996 2158682890361.207 9.918212890625e-05 0.998
82 3004926024425.5493 3034552770500.7065 5.888938903808594e-05 0.998
83 4237520090843.786 4327148207145.0557 6.508827209472656e-05 0.998
84 5913147465611.091 6053036251472.94 4.9114227294921875e-05 0.998
85 10128861168765.86 10237715882156.885 4.696846008300781e-05 0.998
86 11454037901739.479 11694272677074.35 4.9114227294921875e-05 0.998
87 16470745368284.455 16480763660487.37 4.887580871582031e-05 0.998
88 22226054194035.008 23148878657303.242 4.792213439941406e-05 0.998
89 34795958492160.367 35330146246403.73 4.673004150390625e-05 0.998
90 44174430634163.62 44927610340329.805 4.8160552978515625e-05 0.998
91 64559982422892.88 67134669120095.86 4.792213439941406e-05 0.998
92 97276699102630.17 100109111022705.25 4.8160552978515625e-05 0.998
93 122182976258888.36 124450652174962.53 4.792213439941406e-05 0.998
94 164437020779804.0 165205163413633.7 4.792213439941406e-05 0.998
95 276357005025519.47 277149626581026.9 4.8160552978515625e-05 0.998
96 333061516853113.8 340674420832016.9 4.792213439941406e-05 0.998
97 514124139277717.9 516554167927383.5 6.389617919921875e-05 0.998
98 744845026389722.6 788161723079274.2 6.699562072753906e-05 0.998
99 1092277673172476.6 1122329035838865.1 4.9114227294921875e-05 0.998
100 1222393119528562.5 1222657044234181.5 4.9114227294921875e-05 0.998
101 1794351240754597.2 1818989971728616.8 4.8160552978515625e-05 0.998
102 2466454822153092.0 2499890081580847.0 0.00013899803161621094 0.998
103 3567329172464163.5 3590085158641556.0 4.887580871582031e-05 0.998
104 5646578320198162.0 5664960520673079.0 4.7206878662109375e-05 0.998
105 7225322505951084.0 7380289551233054.0 5.2928924560546875e-05 0.998
106 1.1758096270842256e+16 1.1827931439611854e+16 4.8160552978515625e-05 0.998
107 1.4145589897950092e+16 1.4311693367912922e+16 4.887580871582031e-05 0.998
108 2.0273233636825972e+16 2.082215881491666e+16 4.9114227294921875e-05 0.998
109 2.4833600949571504e+16 2.50781216087802e+16 4.696846008300781e-05 0.998
110 3.8754432636858424e+16 3.891297834692149e+16 4.8160552978515625e-05 0.998
111 4.795688490183868e+16 4.91203212006018e+16 4.696846008300781e-05 0.998
112 8.481708503785853e+16 8.557148641780827e+16 5.1975250244140625e-05 0.998
113 9.758504262100405e+16 1.0196789016042552e+17 6.699562072753906e-05 0.998
114 1.41082661373577e+17 1.4194796221938066e+17 4.935264587402344e-05 0.998
115 2.3855627008393053e+17 2.388970540746556e+17 4.935264587402344e-05 0.998
116 2.74432932009388e+17 2.797375268932482e+17 4.696846008300781e-05 0.998
117 3.9692178719136186e+17 4.178494646869373e+17 4.792213439941406e-05 0.998
118 5.382310502132543e+17 5.986560180753202e+17 4.8160552978515625e-05 0.998
119 7.625916167672978e+17 7.829758501077011e+17 4.8160552978515625e-05 0.998
120 1.1151710744511295e+18 1.1404830884370063e+18 4.792213439941406e-05 0.998
121 1.6529416123626004e+18 1.6964456859779443e+18 4.8160552978515625e-05 0.998
122 2.2029561133284813e+18 2.243440361041476e+18 4.8160552978515625e-05 0.998
123 3.4366499615634243e+18 3.4960993328108636e+18 4.887580871582031e-05 0.998
124 4.2931611241156224e+18 4.297352460869246e+18 4.7206878662109375e-05 0.998
125 6.166548413846334e+18 6.28659733292874e+18 4.887580871582031e-05 0.998
126 8.045781256787514e+18 8.084339620363873e+18 4.8160552978515625e-05 0.998
127 1.164763196856509e+19 1.1679864876471288e+19 4.8160552978515625e-05 0.998
128 1.5987725186094696e+19 1.6081212443525753e+19 4.982948303222656e-05 0.998
129 2.1056451108275106e+19 2.178440037842008e+19 4.887580871582031e-05 0.998
130 3.7818349356978315e+19 4.034936234599514e+19 5.0067901611328125e-05 0.998
131 4.48260587926292e+19 4.5259307100179366e+19 4.76837158203125e-05 0.998
132 5.818199750761846e+19 5.826715059095526e+19 4.8160552978515625e-05 0.998
133 8.905450591238662e+19 9.037516692673259e+19 4.696846008300781e-05 0.998
134 1.2676771861205495e+20 1.3075970043221202e+20 4.696846008300781e-05 0.998
135 1.631277393174763e+20 1.6703940731531195e+20 4.792213439941406e-05 0.998
136 2.594877844755186e+20 2.7082278607103076e+20 4.792213439941406e-05 0.998
137 3.470845516081075e+20 3.477386805243468e+20 4.792213439941406e-05 0.998
138 5.1336039006719325e+20 5.197143216856702e+20 4.9114227294921875e-05 0.998
139 6.804681645827523e+20 6.915713353594114e+20 4.8160552978515625e-05 0.998
140 9.482463102798954e+20 9.714742185194319e+20 4.8160552978515625e-05 0.998
141 1.3489322203244182e+21 1.3707738537329405e+21 4.887580871582031e-05 0.998
142 1.7636817423317881e+21 1.7745283995350692e+21 4.696846008300781e-05 0.998
143 2.4068937443308455e+21 2.4108994947798495e+21 4.8160552978515625e-05 0.998
144 3.883676985783701e+21 3.907605911045551e+21 6.699562072753906e-05 0.998
145 4.951335956108154e+21 4.992371810293118e+21 5.316734313964844e-05 0.998
146 8.15632936050939e+21 8.234539420811558e+21 4.982948303222656e-05 0.998
147 9.54661804551794e+21 9.955060833338337e+21 5.1021575927734375e-05 0.998
148 1.457964373421338e+22 1.521435850940708e+22 4.9114227294921875e-05 0.998
149 1.8947572229960003e+22 1.9431968086238987e+22 4.9114227294921875e-05 0.998
150 2.5858689967546656e+22 2.604305569886438e+22 4.792213439941406e-05 0.998
