1 2.2935782596907117 2.3768260655808406 5.7220458984375e-05 0.998
2 2.0791682521939787 2.099533264590125 5.507469177246094e-05 0.998
3 2.529161319581901 2.536207736365186 5.7220458984375e-05 0.998
4 2.0202513638262207 2.116165522397597 5.817413330078125e-05 0.998
5 2.237818237423354 2.2527543849180764 0.00017309188842773438 0.998
6 2.3748746534429 2.419977817318274 4.887580871582031e-05 0.998
7 2.1610342316177023 2.190967078528968 4.792213439941406e-05 0.998
8 2.338605783950858 2.3828975306447804 4.76837158203125e-05 0.998
9 2.3347760128260684 2.3455857002266938 4.696846008300781e-05 0.998
10 2.2155742686712965 2.2280138619031558 0.00011897087097167969 0.998
11 2.256293450276553 2.308653708070907 4.887580871582031e-05 0.998
12 2.095742074535593 2.1196138504880726 6.508827209472656e-05 0.998
13 2.3141675194987434 2.3640391174343756 7.414817810058594e-05 0.998
14 2.1520256653150143 2.2075633014569758 4.9114227294921875e-05 0.998
15 2.2564346062550196 2.320048553313099 4.792213439941406e-05 0.998
16 2.543339357674853 2.5917079744159914 4.8160552978515625e-05 0.998
17 2.431564859032069 2.471195268831888 5.1021575927734375e-05 0.998
18 2.058413705794262 2.0799612029332044 4.982948303222656e-05 0.998
19 2.3772128888969877 2.4458134579068256 5.2928924560546875e-05 0.998
20 2.1793208856025377 2.412312670725706 5.2928924560546875e-05 0.998
21 2.40397592066493 2.4569429950346873 4.982948303222656e-05 0.998
22 2.203287691851012 2.2408584653811605 4.887580871582031e-05 0.998
23 2.3259727540715915 2.3690877717057957 4.792213439941406e-05 0.998
24 2.324749000813524 2.332350039204241 4.7206878662109375e-05 0.998
25 2.4146458374929596 2.4666390170764614 6.580352783203125e-05 0.998
26 2.2601375649216675 2.300660497676248 0.00011706352233886719 0.998
27 2.41728831613702 2.4527773530410406 4.887580871582031e-05 0.998
28 2.266094894414969 2.30393912935958 4.8160552978515625e-05 0.998
29 2.275896692522643 2.297505944317971 4.673004150390625e-05 0.998
30 2.171638335312417 2.219981314251479 4.792213439941406e-05 0.998
31 2.0694142190803007 2.10597497345333 4.792213439941406e-05 0.998
32 2.334054496620941 2.343670213741061 4.887580871582031e-05 0.998
33 2.1668785859376536 2.1812727656495157 5.507469177246094e-05 0.998
34 2.423393031623371 2.4294142763200326 4.887580871582031e-05 0.998
35 2.2134221360893265 2.241561336440984 4.792213439941406e-05 0.998
36 2.217938801060491 2.2317068817693007 6.389617919921875e-05 0.998
37 2.2702235563192388 2.3100168241421946 4.887580871582031e-05 0.998
38 2.512968585873204 2.5395313849486962 4.887580871582031e-05 0.998
39 2.646897156930824 2.6925077145567835 6.198883056640625e-05 0.998
40 2.594502702152607 2.6026691834728153 5.125999450683594e-05 0.998
41 2.243850106840862 2.2485969467014915 5.1975250244140625e-05 0.998
42 2.2989667800704114 2.313081866253516 4.8160552978515625e-05 0.998
43 2.2241616919673155 2.2317772885138334 5.1021575927734375e-05 0.998
44 2.2943666283541697 2.3248869749705485 4.9114227294921875e-05 0.998
45 2.5349136679635116 2.6039195964796282 4.696846008300781e-05 0.998
46 2.2638547839418 2.3354834759361816 5.0067901611328125e-05 0.998
47 2.3024409107120207 2.3106552799926416 4.887580871582031e-05 0.998
48 2.417578288463973 2.423723138132127 4.792213439941406e-05 0.998
49 2.3954894493270844 2.493645505734332 4.8160552978515625e-05 0.998
50 2.3410627617433373 2.3542915549638788 4.76837158203125e-05 0.998
51 2.3311960207692284 2.373285860024436 4.982948303222656e-05 0.998
52 2.6169410624689977 2.6367415124682414 4.887580871582031e-05 0.998
53 2.282311546527418 2.3295781019128645 4.887580871582031e-05 0.998
54 2.417434995982087 2.564439343440665 5.0067901611328125e-05 0.998
55 2.2177416527383795 2.2596939483972154 4.8160552978515625e-05 0.998
56 2.309650349347427 2.3959748874677045 7.200241088867188e-05 0.998
57 2.2432899347364743 2.246711476523575 4.792213439941406e-05 0.998
58 2.489591765762684 2.5300323828257665 4.887580871582031e-05 0.998
59 2.490068242194767 2.5051918389353975 4.887580871582031e-05 0.998
60 2.2272505091710193 2.292812701756623 4.982948303222656e-05 0.998
61 2.274608264052992 2.279199455881466 4.887580871582031e-05 0.998
62 2.196853433843121 2.2508484394281836 4.7206878662109375e-05 0.998
63 2.2422075221701725 2.2873647249906717 4.935264587402344e-05 0.998
64 2.1526923417044213 2.197164027923562 5.0067901611328125e-05 0.998
65 2.2396708634017517 2.2593079426547185 4.8160552978515625e-05 0.998
66 2.1493438674350003 2.1914042968939653 7.915496826171875e-05 0.998
67 2.263781048327015 2.322392077615343 4.887580871582031e-05 0.998
68 2.2450975053034576 2.491743004994767 4.673004150390625e-05 0.998
69 2.219791629564531 2.2709315419002403 4.792213439941406e-05 0.998
70 2.335683184725362 2.4231281380706973 4.8160552978515625e-05 0.998
71 2.3757948443252164 2.3850009559751 4.792213439941406e-05 0.998
72 2.3873147882190917 2.397066860134321 4.9114227294921875e-05 0.998
73 2.162114516230818 2.2288129140095427 4.792213439941406e-05 0.998
74 2.2369688958461076 2.2394824745898423 4.8160552978515625e-05 0.998
75 2.210924179785071 2.2418024995295203 4.887580871582031e-05 0.998
76 2.3188269676937656 2.3247406249099356 4.792213439941406e-05 0.998
77 2.1942712069249595 2.2183294733318353 4.601478576660156e-05 0.998
78 2.387531190103354 2.4128291707998133 8.511543273925781e-05 0.998
79 2.2476651276529247 2.3293311704965447 4.792213439941406e-05 0.998
80 2.1448830229772513 2.160442650907602 4.696846008300781e-05 0.998
81 2.2904161024489635 2.3171053785432596 4.76837158203125e-05 0.998
82 2.202929434487858 2.2132879574445847 4.792213439941406e-05 0.998
83 2.174531155299687 2.23916429915318 4.792213439941406e-05 0.998
84 2.119562929934216 2.185695493189215 5.698204040527344e-05 0.998
85 2.219543818506141 2.2235562389021877 4.9114227294921875e-05 0.998
86 2.085375088338481 2.143864430176372 4.696846008300781e-05 0.998
87 2.4464842912941793 2.447504606149845 4.8160552978515625e-05 0.998
88 2.3001765613293705 2.3700094045049593 4.887580871582031e-05 0.998
89 2.394720329335469 2.399218051628364 4.792213439941406e-05 0.998
90 2.3264504116392914 2.334080028513375 4.887580871582031e-05 0.998
91 2.2787755629870285 2.315545301833985 4.673004150390625e-05 0.998
92 2.454564639042475 2.500530106515891 4.9114227294921875e-05 0.998
93 2.4947047237150564 2.4951358582212713 4.792213439941406e-05 0.998
94 2.3840876733721723 2.395539090884765 4.792213439941406e-05 0.998
95 2.162303701220189 2.1663225353171534 4.887580871582031e-05 0.998
96 2.2016856066256563 2.2356531349916064 4.887580871582031e-05 0.998
97 2.331165624083625 2.369499071841652 4.696846008300781e-05 0.998
98 2.6528815627399616 2.6590729754516644 4.792213439941406e-05 0.998
99 2.1682475295548973 2.210972546039596 4.673004150390625e-05 0.998
100 2.3117097954904007 2.3434621292994704 4.792213439941406e-05 0.998
101 2.1685956644601574 2.1868032658795036 4.76837158203125e-05 0.998
102 2.4290533650770314 2.437522951947102 4.887580871582031e-05 0.998
103 2.3761370104871142 2.381318288371757 4.792213439941406e-05 0.998
104 2.272089287540988 2.314495734116455 4.792213439941406e-05 0.998
105 2.383498349010578 2.3939833053436295 4.792213439941406e-05 0.998
106 2.2342499287053337 2.3291469619779357 4.792213439941406e-05 0.998
107 2.305212126765121 2.3211984300381303 4.8160552978515625e-05 0.998
108 2.359124384030487 2.360116925768405 4.792213439941406e-05 0.998
109 2.256936528628281 2.338949957407768 4.792213439941406e-05 0.998
110 2.135655565842686 2.1815879788564407 4.673004150390625e-05 0.998
111 2.322630439131032 2.3683006289787554 4.7206878662109375e-05 0.998
112 2.2041535243309607 2.2874462856071855 4.696846008300781e-05 0.998
113 2.339554464118927 2.3453308042896204 4.792213439941406e-05 0.998
114 2.2511547351111707 2.2575509970574696 5.1975250244140625e-05 0.998
115 2.404958836339479 2.4392102806767864 4.792213439941406e-05 0.998
116 2.1858127863268173 2.2340251890164615 4.792213439941406e-05 0.998
117 2.351318051199848 2.3878908686163567 4.7206878662109375e-05 0.998
118 2.3260233185257713 2.4086652588211206 4.7206878662109375e-05 0.998
119 2.1671212653339573 2.1727326557453632 0.00010085105895996094 0.998
120 2.2542308069555794 2.2611768805201358 4.601478576660156e-05 0.998
121 2.2418528825967683 2.262646159714922 4.7206878662109375e-05 0.998
122 2.273559281290367 2.2996834737799237 4.9114227294921875e-05 0.998
123 2.346547091923343 2.3537910557170467 4.792213439941406e-05 0.998
124 2.0728514258025355 2.0746345002900557 4.76837158203125e-05 0.998
125 2.279933898555175 2.2828102949962896 4.76837158203125e-05 0.998
126 2.3862587192077442 2.4137642178538345 4.76837158203125e-05 0.998
127 2.2181697348819727 2.2339979226754743 4.9114227294921875e-05 0.998
128 2.3066417546176496 2.3877518348755284 4.792213439941406e-05 0.998
129 2.430359898672771 2.4589156167057653 4.673004150390625e-05 0.998
130 2.4963440982857303 2.5209566752111425 4.696846008300781e-05 0.998
131 2.0620614825944426 2.120361792981472 4.792213439941406e-05 0.998
132 2.300663197867358 2.328835668093094 4.792213439941406e-05 0.998
133 2.365498598366812 2.371226817188149 4.792213439941406e-05 0.998
134 2.276849382305612 2.3155563925397593 4.57763671875e-05 0.998
135 2.2715936700329475 2.284825072944895 4.8160552978515625e-05 0.998
136 2.1835899558738 2.1859703819827403 4.792213439941406e-05 0.998
137 2.165219733945 2.195007812454778 4.76837158203125e-05 0.998
138 2.250887729290461 2.380699715517086 4.76837158203125e-05 0.998
139 2.412513176211667 2.494518518401448 4.7206878662109375e-05 0.998
140 2.2321244263729874 2.2404113391753198 4.887580871582031e-05 0.998
141 2.0902651818008864 2.134125005324498 4.887580871582031e-05 0.998
142 2.35410408271596 2.5052190341480034 4.76837158203125e-05 0.998
143 2.2940028612594334 2.333059299418069 4.6253204345703125e-05 0.998
144 2.1705535938734823 2.1810432365279064 4.673004150390625e-05 0.998
145 2.3779359292779896 2.3815933944859484 4.792213439941406e-05 0.998
146 2.0794326023555456 2.0920215505238886 4.7206878662109375e-05 0.998
147 2.246324027457188 2.2800406995532043 4.601478576660156e-05 0.998
148 2.3465120408926596 2.4515936785511965 5.1975250244140625e-05 0.998
149 2.3235399860118773 2.3695737124282217 4.887580871582031e-05 0.998
150 2.4060948596044773 2.410807575360833 4.792213439941406e-05 0.998
