1 0.9894115130086755 0.99189271854173 5.507469177246094e-05 0.998
2 0.991638371785457 0.9920336735375986 4.792213439941406e-05 0.998
3 0.986890395323585 0.9871378717819478 5.1021575927734375e-05 0.998
4 0.9868117225177047 0.9870550426806388 5.1021575927734375e-05 0.998
5 0.989894994482173 0.9905926892226455 5.030632019042969e-05 0.998
6 0.9912263092667966 0.9940307080431379 5.030632019042969e-05 0.998
7 0.986805112206758 0.9876270303446996 4.935264587402344e-05 0.998
8 0.98565169393417 0.9861503182412095 4.887580871582031e-05 0.998
9 0.9896512317167856 0.9900013467860983 4.673004150390625e-05 0.998
10 0.9890357771665814 0.9905257368704448 4.792213439941406e-05 0.998
11 0.9932053738623108 0.9940125859458909 4.792213439941406e-05 0.998
12 0.9867760802828324 0.9869008481286133 5.221366882324219e-05 0.998
13 0.9927089135792648 0.9927755581448474 4.887580871582031e-05 0.998
14 0.9912463322446237 0.9915977921750462 8.296966552734375e-05 0.998
15 0.9920773440544907 0.9927088845928403 0.00011515617370605469 0.998
16 0.9899173678070419 0.9912978228229811 6.699562072753906e-05 0.998
17 0.9857824106633403 0.9862826934054588 4.887580871582031e-05 0.998
18 0.9885166954743448 0.9933266223237563 5.030632019042969e-05 0.998
19 0.985085356897612 0.9853250036884998 4.9114227294921875e-05 0.998
20 0.9915296722569635 0.9926474734969872 6.008148193359375e-05 0.998
21 0.988573600641849 0.9896203786106268 0.00017714500427246094 0.998
22 0.9886147036335334 0.9902333230089242 7.605552673339844e-05 0.998
23 0.9742077073456029 0.9759381827723005 4.696846008300781e-05 0.998
24 0.9869845940179863 0.9878551609130212 4.792213439941406e-05 0.998
25 0.992118662758475 0.9927249651469268 4.9114227294921875e-05 0.998
26 0.9921368671300137 0.9929211558742106 4.7206878662109375e-05 0.998
27 0.9876558867605209 0.9876841334231173 4.76837158203125e-05 0.998
28 0.9883095538753459 0.9886610701636034 4.8160552978515625e-05 0.998
29 0.9837766463109496 0.9847271118381135 4.9114227294921875e-05 0.998
30 0.9908249855788587 0.9910630117832273 7.176399230957031e-05 0.998
31 0.9936575966118956 0.9939262630523142 5.316734313964844e-05 0.998
32 0.9904338040304347 0.9908746167767868 5.2928924560546875e-05 0.998
33 0.9921580615257557 0.9922287224187122 5.2928924560546875e-05 0.998
34 0.9908791826468911 0.9917275554241718 5.2928924560546875e-05 0.998
35 0.9860320178366061 0.9876201972022696 6.508827209472656e-05 0.998
36 0.9904574804414653 0.9912315958908245 7.700920104980469e-05 0.998
37 0.9945319916757749 0.9948347045269279 5.817413330078125e-05 0.998
38 0.9808331226456344 0.981960175850404 4.9114227294921875e-05 0.998
39 0.9905487382809027 0.9908710642004452 4.696846008300781e-05 0.998
40 0.9875155532441308 0.9875566659855699 4.9114227294921875e-05 0.998
41 0.9921611876379108 0.9928130317329367 6.699562072753906e-05 0.998
42 0.990332229326427 0.9909386434360087 7.486343383789062e-05 0.998
43 0.9873044331089279 0.9873644477692228 4.887580871582031e-05 0.998
44 0.9884905726332818 0.9896248636480267 4.982948303222656e-05 0.998
45 0.9893333593013806 0.9894527998083213 5.078315734863281e-05 0.998
46 0.984366775385443 0.984982929100156 4.9114227294921875e-05 0.998
47 0.9815715076434383 0.9825729538130055 4.792213439941406e-05 0.998
48 0.990611475273582 0.9914478385988018 4.9114227294921875e-05 0.998
49 0.9893160891974504 0.9895471975327912 6.508827209472656e-05 0.998
50 0.9852640270080449 0.9857811957954475 4.696846008300781e-05 0.998
51 0.9830077215307953 0.9833911659598548 5.0067901611328125e-05 0.998
52 0.9837533108235796 0.9849477515935374 0.0006411075592041016 0.998
53 0.9832687989412632 0.9851810345248055 4.673004150390625e-05 0.998
54 0.9844482186064928 0.9859425523441654 4.7206878662109375e-05 0.998
55 0.9853242814829266 0.9891064205225986 4.9114227294921875e-05 0.998
56 0.9875000911969131 0.9896717896298617 6.031990051269531e-05 0.998
57 0.9950606384589108 0.9952572901074437 4.887580871582031e-05 0.998
58 0.988859065263476 0.9894332672991142 4.76837158203125e-05 0.998
59 0.988250648156265 0.9885989922028144 4.8160552978515625e-05 0.998
60 0.9904635177153184 0.9915142944819251 5.1021575927734375e-05 0.998
61 0.9846438813235103 0.9850807382822153 4.792213439941406e-05 0.998
62 0.9876512769600514 0.988958360523906 4.887580871582031e-05 0.998
63 0.9900140975992611 0.9900955258160068 4.76837158203125e-05 0.998
64 0.988770213407102 0.9893783424408256 4.8160552978515625e-05 0.998
65 0.9909895118641124 0.993471400589936 4.887580871582031e-05 0.998
66 0.9843058288325895 0.9881101294730987 4.792213439941406e-05 0.998
67 0.990807309178633 0.9922408032020653 4.792213439941406e-05 0.998
68 0.9910197926596337 0.991105123270945 4.76837158203125e-05 0.998
69 0.9915170496206066 0.9949383781412555 4.887580871582031e-05 0.998
70 0.9906800113585486 0.9909969365802344 4.696846008300781e-05 0.998
71 0.9933424419628352 0.9942186264402457 4.8160552978515625e-05 0.998
72 0.9827057568424447 0.9855245997658204 6.890296936035156e-05 0.998
73 0.990626093433215 0.9918436121294811 6.389617919921875e-05 0.998
74 0.9918808630535476 0.9919016546604823 0.00010323524475097656 0.998
75 0.9871070634321104 0.9875088935065053 4.792213439941406e-05 0.998
76 0.9882504350215349 0.9896532565809137 4.76837158203125e-05 0.998
77 0.9835469570058725 0.9840831917485339 4.8160552978515625e-05 0.998
78 0.987809819118429 0.9884118075613337 4.696846008300781e-05 0.998
79 0.9916195447045645 0.9919565963430534 4.673004150390625e-05 0.998
80 0.9900820480949932 0.9915145179469685 4.792213439941406e-05 0.998
81 0.9841050957261476 0.9860712214802124 4.673004150390625e-05 0.998
82 0.989478398385856 0.9907078392278131 4.887580871582031e-05 0.998
83 0.9905074762600815 0.990873656991129 4.8160552978515625e-05 0.998
84 0.991722639660936 0.9923700780352007 4.792213439941406e-05 0.998
85 0.9893270239677748 0.9898037026697324 4.8160552978515625e-05 0.998
86 0.9934606114074032 0.9962846125740129 4.696846008300781e-05 0.998
87 0.993849815301416 0.994503942324407 4.7206878662109375e-05 0.998
88 0.9870852465716318 0.9875310684159236 4.7206878662109375e-05 0.998
89 0.9914781382312882 0.9919590356729303 4.9114227294921875e-05 0.998
90 0.9876377783105644 0.9877592519545851 4.601478576660156e-05 0.998
91 0.9904219369599527 0.9930025013479346 4.7206878662109375e-05 0.998
92 0.9923918820609959 0.9932756807959012 4.887580871582031e-05 0.998
93 0.990926261273476 0.9913736991036102 4.792213439941406e-05 0.998
94 0.9919844111868139 0.9925073256490745 4.935264587402344e-05 0.998
95 0.9872221895900594 0.9893831141827466 6.222724914550781e-05 0.998
96 0.9917209657459446 0.9922279071678852 5.1021575927734375e-05 0.998
97 0.9882648447083962 0.9888605947430836 4.696846008300781e-05 0.998
98 0.9927848823167743 0.9934850915888782 4.935264587402344e-05 0.998
99 0.9897396958128208 0.9903881375241207 4.792213439941406e-05 0.998
100 0.9851761876297889 0.9860285520736394 4.792213439941406e-05 0.998
101 0.9909682777487757 0.9910981834208419 4.57763671875e-05 0.998
102 0.9919099910609562 0.9919331849915783 4.7206878662109375e-05 0.998
103 0.9924550301798079 0.9935197032762776 4.792213439941406e-05 0.998
104 0.9929596297578162 0.9933054846561228 4.8160552978515625e-05 0.998
105 0.9926275631477266 0.9929004549561129 4.792213439941406e-05 0.998
106 0.9914999222135559 0.9924932823797844 4.696846008300781e-05 0.998
107 0.9881839597360327 0.9893767154968283 4.76837158203125e-05 0.998
108 0.9824259360844911 0.9837500334198995 4.7206878662109375e-05 0.998
109 0.9886768732031952 0.9916390623042313 4.792213439941406e-05 0.998
110 0.9890521202311242 0.9890712428956084 5.125999450683594e-05 0.998
111 0.9889427067653908 0.988960223941001 5.316734313964844e-05 0.998
112 0.9891553246689775 0.9923475901545457 4.887580871582031e-05 0.998
113 0.9893774571281093 0.9902492755465773 4.8160552978515625e-05 0.998
114 0.9903918469087162 0.9905954771260079 4.76837158203125e-05 0.998
115 0.9809766784939465 0.9846864349102759 4.601478576660156e-05 0.998
116 0.9890109518892563 0.9891315927094724 4.887580871582031e-05 0.998
117 0.9924132533228466 0.9930890011846547 4.696846008300781e-05 0.998
118 0.9869087667873827 0.9891598424860244 4.887580871582031e-05 0.998
119 0.9884848981597374 0.9896393879786296 4.792213439941406e-05 0.998
120 0.9880829249183921 0.988931691203356 4.7206878662109375e-05 0.998
121 0.9871318594086644 0.9871687274045178 4.601478576660156e-05 0.998
122 0.9903282263899946 0.9904175961316176 0.00011968612670898438 0.998
123 0.9869065454119024 0.9882249990858373 4.887580871582031e-05 0.998
124 0.9857412340250304 0.9868696181071143 7.390975952148438e-05 0.998
125 0.9873353816877767 0.9883477061502716 6.604194641113281e-05 0.998
126 0.9900033574827817 0.9901266722746646 7.295608520507812e-05 0.998
127 0.9854808710632552 0.9873864078211606 4.8160552978515625e-05 0.998
128 0.9917218762449004 0.991817717031692 4.7206878662109375e-05 0.998
129 0.9860283952341243 0.9884838923466964 0.00019884109497070312 0.998
130 0.9895682630956629 0.9911108214342808 4.9114227294921875e-05 0.998
131 0.9919307636021744 0.9935297136900784 4.8160552978515625e-05 0.998
132 0.9878518849503302 0.9879010990837893 4.8160552978515625e-05 0.998
133 0.9901029969678645 0.9909007488380719 4.792213439941406e-05 0.998
134 0.9923319086444274 0.9942817978941694 4.696846008300781e-05 0.998
135 0.98887806299445 0.9891812051829653 4.7206878662109375e-05 0.998
136 0.9940005485537138 0.9943098451638573 4.9114227294921875e-05 0.998
137 0.990001273721896 0.9931773476678819 4.8160552978515625e-05 0.998
138 0.9887400487590663 0.9900041881624034 4.696846008300781e-05 0.998
139 0.9900343517954724 0.9902038406852514 4.887580871582031e-05 0.998
140 0.9885883701365841 0.9894563034813277 4.792213439941406e-05 0.998
141 0.9910060937759599 0.9924129845824164 4.982948303222656e-05 0.998
142 0.9951615248111233 0.9953385107205627 6.794929504394531e-05 0.998
143 0.9857323248430652 0.9859638276557142 4.696846008300781e-05 0.998
144 0.9856944143263235 0.9884198416803243 6.29425048828125e-05 0.998
145 0.9899158785455701 0.9905505928501396 4.76837158203125e-05 0.998
146 0.9817983094621171 0.9828900715267768 4.7206878662109375e-05 0.998
147 0.9868470062400022 0.987447848577165 4.8160552978515625e-05 0.998
148 0.9887583959157691 0.989176968329579 4.887580871582031e-05 0.998
149 0.9887851099137137 0.9889181694946261 4.7206878662109375e-05 0.998
150 0.986215933295156 0.9895318865227095 4.7206878662109375e-05 0.998
