1 0.055667925684554934 3.2815122110300625 0.32335686683654785 0.08
2 0.0583638955466866 4.471991035420805 0.23494195938110352 0.078
3 0.08601279990403196 5.767923188532497 0.22976899147033691 0.079
4 0.11671167356365188 8.045120032740215 0.2376251220703125 0.079
5 0.15441290936615854 13.272007500145527 0.22733592987060547 0.079
6 0.23398449314122857 18.973121672604382 0.22738194465637207 0.08
7 0.2743773172762177 24.592126712123545 0.22823119163513184 0.079
8 0.45523613793598916 32.43545477300608 0.22647500038146973 0.08
9 0.6557723503582235 47.78307376779844 0.22922897338867188 0.078
10 0.8515163807238997 65.06173149675656 0.2319648265838623 0.079
11 0.9040964483183026 93.72783488894683 0.22722196578979492 0.079
12 1.4830070393066306 136.39036348138004 0.2265639305114746 0.079
13 2.0615545160814057 176.9782202973483 0.22666501998901367 0.078
14 3.9807676163600525 247.54065169139872 0.2274799346923828 0.08
15 5.3784673992258805 322.99580583787065 0.23002982139587402 0.08
16 4.592085154484454 462.41221943629864 0.22745299339294434 0.079
17 11.823863610410669 721.9204710771675 0.23112797737121582 0.079
18 12.736161451013023 1049.715994310803 0.22645306587219238 0.078
19 16.261280471570007 1403.2532114725536 0.22930312156677246 0.08
20 20.27369701605012 1902.6372702104707 0.22614693641662598 0.079
21 39.70052073686514 2751.7652094953523 0.22841215133666992 0.08
22 51.989065960882755 4451.021325183774 0.2258319854736328 0.079
23 80.88729036462277 5864.695396442858 0.22678399085998535 0.078
24 69.78942664385939 7439.321083391176 0.2255537509918213 0.079
25 134.97721381468594 10349.072022931767 0.2259349822998047 0.08
26 139.95557917350976 14463.225887526163 0.22581219673156738 0.078
27 249.9478221896032 19565.77580804707 0.22713088989257812 0.079
28 457.2244976247727 27655.524546069362 0.22926998138427734 0.08
29 478.46658691977024 41581.27950164552 0.22620177268981934 0.08
30 820.0599303863165 59124.33690853655 0.23044204711914062 0.08
31 945.9581644872565 77533.21061612909 0.22826600074768066 0.08
32 1074.4089412803355 99258.98532262768 0.22685527801513672 0.079
33 1564.0702775250036 146191.637964634 0.22716712951660156 0.079
34 2893.0478232679125 234118.63639335605 0.22788500785827637 0.079
35 4084.64149440742 285595.1209667696 0.22746682167053223 0.08
36 4278.49193500012 425298.5890625253 0.22637200355529785 0.079
37 6312.439995724904 548716.2957948495 0.23074817657470703 0.079
38 12911.262160259654 813063.8262696387 0.22692513465881348 0.079
39 14093.70367843052 1121164.9814466506 0.22622108459472656 0.079
40 22472.814231221382 1670117.6630090417 0.23010492324829102 0.079
41 25284.623111560533 2174893.253602384 0.22813105583190918 0.079
42 45688.77205411138 3208774.829863813 0.2311859130859375 0.08
43 66743.211439033 4357897.029727733 0.2414720058441162 0.079
44 83561.55886135795 6144940.26233859 0.2289431095123291 0.079
45 100556.50695279124 9083903.55479116 0.28662919998168945 0.079
46 166285.56741260493 11660904.1251061 0.3122251033782959 0.079
47 262702.8920847802 16427274.57954921 0.2850840091705322 0.079
48 351521.2487558774 26462702.550194975 0.24755001068115234 0.079
49 416326.29747841036 31167262.383393053 0.3051490783691406 0.08
50 560610.7459684225 44416441.38623349 0.27626585960388184 0.08
51 816959.4499124667 66707235.708415754 0.2901449203491211 0.08
52 983574.3184110133 86827698.1211912 0.2933769226074219 0.08
53 1628825.7232921585 128001379.21520875 0.24265003204345703 0.079
54 2428258.5316494405 188242862.3891197 0.22819995880126953 0.079
55 3528809.4098389423 250181897.02323973 0.23121190071105957 0.079
56 3302279.05662955 334115143.793906 0.27727818489074707 0.08
57 3818388.398472269 468962960.7718872 0.321336030960083 0.079
58 7414143.667173464 671472228.3630347 0.2423849105834961 0.08
59 10606871.65177002 1021692531.9173391 0.2529280185699463 0.078
60 17883104.03381816 1341856495.3809507 0.27029991149902344 0.08
61 25713105.41216523 1886816337.8741455 0.297868013381958 0.08
62 27740176.589280955 2707604642.120956 0.2571079730987549 0.08
63 35415817.23316904 3581432329.410003 0.2840080261230469 0.079
64 68290635.370569 4788366789.670757 0.31027722358703613 0.079
65 107571960.7019669 6833256330.406126 0.2716817855834961 0.08
66 146206845.03193405 10088707911.154829 0.27878332138061523 0.08
67 184369718.70810968 14491955561.955141 0.23130011558532715 0.08
68 256485187.35621482 19059395867.78443 0.23647785186767578 0.08
69 347249913.5156214 29115132087.95729 0.2347860336303711 0.079
70 387449598.7315595 37821934824.404366 0.2254481315612793 0.079
71 706521519.7988305 51608809566.7122 0.24053311347961426 0.078
72 916296447.659005 72341391045.00526 0.26970505714416504 0.078
73 1530643455.546973 105489795777.40906 0.2486279010772705 0.078
74 1980910663.5388741 141254887680.8375 0.24695134162902832 0.08
75 2936432244.7686276 202815714995.19852 0.2281491756439209 0.08
76 2616664712.523289 267467942289.63635 0.25736093521118164 0.079
77 6018342224.395408 409952107784.9075 0.2854752540588379 0.079
78 6956421718.077856 588636641092.8021 0.23119616508483887 0.079
79 7430945926.628905 782401826400.7205 0.3477199077606201 0.079
80 14186863732.850864 1148191101452.236 0.2395026683807373 0.078
81 19787863848.662308 1449175026490.7756 0.2264859676361084 0.079
82 27608594368.452984 2244851840243.9424 0.22606587409973145 0.08
83 30681100217.888622 3013008418259.46 0.2314302921295166 0.079
84 67040452942.101006 4063449682899.5547 0.2272169589996338 0.079
85 73625207437.50299 6406536802014.031 0.2266857624053955 0.079
86 103246575607.77727 8074044107077.0205 0.2276749610900879 0.079
87 199278107579.03735 12115723885672.686 0.22561001777648926 0.079
88 221168283907.17984 16278676702839.258 0.2266550064086914 0.08
89 296300445887.8321 24081548411039.426 0.22609591484069824 0.08
90 388416387673.41144 30304166317627.746 0.22772884368896484 0.079
91 423953770181.09393 44800334219140.5 0.2261660099029541 0.08
92 788541985023.5675 64948208216474.914 0.22543621063232422 0.079
93 1403640971884.219 90536163546668.0 0.2290942668914795 0.079
94 1527926073181.1226 122048033480740.58 0.22661209106445312 0.078
95 2169015570034.6697 186410255570820.72 0.22753190994262695 0.08
96 3137228952321.31 234467084003301.34 0.2250509262084961 0.079
97 4254872447422.278 347267982083158.7 0.22760415077209473 0.08
98 6700283864369.094 497177590331466.8 0.22659802436828613 0.08
99 10488477120442.24 732625825212159.8 0.2274158000946045 0.079
100 9244780267151.453 866435117708529.1 0.2274320125579834 0.079
101 11688009101215.715 1321345267534995.0 0.22560691833496094 0.079
102 20605154748124.125 1780762331154189.8 0.22753477096557617 0.079
103 31103769081482.254 2464288942259817.5 0.2255859375 0.079
104 43838535127793.53 3977932815710610.5 0.2259061336517334 0.08
105 78014144249516.3 5503542318893191.0 0.22970914840698242 0.08
106 107973807333751.17 7629651781388065.0 0.22855114936828613 0.08
107 115550448919545.7 1.0039939109263916e+16 0.24068689346313477 0.08
108 143130812782483.3 1.4097148787148888e+16 0.4226870536804199 0.078
109 242687013449311.03 1.987421885693232e+16 0.24869608879089355 0.079
110 286250445992126.25 2.670359930512683e+16 0.23857808113098145 0.079
111 639706743561676.9 3.5645922818917452e+16 0.28285694122314453 0.079
112 644698013764438.8 5.801650440661824e+16 0.2741398811340332 0.08
113 926340392840838.4 7.317255291971781e+16 0.30779004096984863 0.079
114 1061759035872766.5 9.893766270261504e+16 0.29558801651000977 0.08
115 1523795665902488.5 1.502647593909594e+17 0.3297548294067383 0.079
116 2952080863933118.5 2.1328955985635043e+17 0.27527379989624023 0.08
117 4260853067221602.5 3.0901549284605626e+17 0.3009049892425537 0.08
118 4792557352155200.0 3.9950413519724346e+17 0.23169279098510742 0.078
119 8858571678047464.0 5.885825104247608e+17 0.23114800453186035 0.079
120 9982455589146434.0 8.458471318875954e+17 0.25226593017578125 0.079
121 1.544148140778201e+16 1.1247051433769033e+18 0.24538087844848633 0.079
122 1.7095282067697544e+16 1.5769169481929318e+18 0.2569098472595215 0.078
123 2.950640194092977e+16 2.1561705686394506e+18 0.25715017318725586 0.079
124 4.047069472897413e+16 2.916329597430644e+18 0.23549413681030273 0.079
125 6.1151326923426296e+16 4.628154664985031e+18 0.2846531867980957 0.078
126 7.876282422195709e+16 5.749272907928335e+18 0.2506289482116699 0.08
127 1.0025425466706586e+17 8.324566033187408e+18 0.26062893867492676 0.08
128 1.5070983053684826e+17 1.088863395326016e+19 0.2392420768737793 0.08
129 2.265770803084722e+17 1.592579184916554e+19 0.46243786811828613 0.078
130 3.110217135803994e+17 2.2616449113171517e+19 0.2324368953704834 0.08
131 2.835522706555314e+17 3.173974696825129e+19 0.23468685150146484 0.079
132 6.064759016683016e+17 4.357523300422443e+19 0.24095702171325684 0.079
133 8.193902023703295e+17 6.272864952274034e+19 0.2471480369567871 0.08
134 1.1434973209499697e+18 8.954968606985424e+19 0.27433180809020996 0.08
135 1.7578175528937833e+18 1.1355061005619423e+20 0.2380380630493164 0.079
136 2.2337037134656858e+18 1.8274605962123936e+20 0.24853229522705078 0.08
137 2.4008261158713523e+18 2.5238942388221057e+20 0.28830480575561523 0.079
138 4.048026367069745e+18 3.458877256646814e+20 0.27757692337036133 0.079
139 6.760840003686207e+18 4.642680271808949e+20 0.2596588134765625 0.08
140 8.221951042151202e+18 6.785852058695523e+20 0.2472379207611084 0.079
141 1.1226736334203206e+19 9.420645224624389e+20 0.23936009407043457 0.08
142 1.5921507347856742e+19 1.244248013306196e+21 0.3356139659881592 0.079
143 2.249765856048671e+19 1.8842005811289265e+21 0.23065590858459473 0.078
144 3.974676874865046e+19 2.542204164113146e+21 0.33121585845947266 0.078
145 3.6054787928565723e+19 3.50414387841285e+21 0.23668909072875977 0.079
146 6.6802446483239666e+19 5.008815652886887e+21 0.2306499481201172 0.079
147 6.9765054927084085e+19 7.03257646386815e+21 0.22622013092041016 0.08
148 1.2147159710730671e+20 1.0594364549349459e+22 0.22994780540466309 0.079
149 1.8405563864645832e+20 1.3648964134497455e+22 0.22673606872558594 0.079
150 2.3639185216264356e+20 1.8429518698669238e+22 0.22611403465270996 0.078
