1 -1.8086079668108859 1.841017232760256 0.2582881450653076 0.08
2 -1.7022760106613244 1.7437955327865535 0.28519487380981445 0.08
3 -1.8034471408718593 1.8706336142673259 0.2795600891113281 0.079
4 -1.9317591891263517 1.6486553400045953 0.26973891258239746 0.08
5 -1.6964559124448868 1.8561167621328543 0.23088979721069336 0.08
6 -1.8139034984758067 1.8867314236517227 0.2472367286682129 0.08
7 -1.7828024236197113 1.67745835752499 0.26601505279541016 0.08
8 -1.791467790905183 1.8272806530976664 0.26233601570129395 0.08
9 -1.6693767421192005 1.6458250034181585 0.2810068130493164 0.08
10 -1.5910110979966463 1.609535806666023 0.25097131729125977 0.08
11 -1.7040632852100708 1.7152226964653912 0.2376251220703125 0.079
12 -1.7305035222807081 1.6717208243150967 0.2445230484008789 0.079
13 -1.8087851519318463 1.7767966395005705 0.24703478813171387 0.079
14 -1.7777322769220503 1.8004417100670074 0.2444307804107666 0.078
15 -1.7393224214338188 1.7017974660897002 0.2508249282836914 0.079
16 -1.6247027804773528 2.0171604264285894 0.4058837890625 0.08
17 -1.7307746295650914 1.8079927821775377 0.22806406021118164 0.079
18 -1.895481321521412 1.7102371436893482 0.22583484649658203 0.078
19 -1.8793571621804457 1.7731536908724137 0.2433629035949707 0.079
20 -1.8530810610173696 1.7730714712167748 0.2973921298980713 0.078
21 -1.6451592226164717 1.9139139466058406 0.2512631416320801 0.08
22 -1.7263395081714288 1.715410678447809 0.38317418098449707 0.08
23 -1.7582748934194043 1.6823107278136102 0.29277896881103516 0.079
24 -1.7993719137347612 1.863646309061141 0.2951090335845947 0.08
25 -1.799521938568972 1.9071797209317813 0.2704508304595947 0.08
26 -1.7442797806022678 1.688429721202261 0.3037259578704834 0.08
27 -1.7420710139225526 1.7340826118975892 0.28044629096984863 0.079
28 -1.6404787873076208 1.7167296492075956 0.23580694198608398 0.079
29 -1.6546762584805874 1.7268376446497864 0.23065686225891113 0.08
30 -1.8966085596866535 1.7309943242401857 0.22660088539123535 0.079
31 -1.7024909991379498 1.6967114530988514 0.22737479209899902 0.08
32 -1.876452556031474 1.73227469199513 0.22988390922546387 0.079
33 -1.5922517485441392 1.566061766330361 0.22830891609191895 0.08
34 -1.7873780380538313 1.6928033255413177 0.22863292694091797 0.079
35 -1.6744657538606658 1.6554102966827255 0.23022794723510742 0.079
36 -1.779852269409035 1.8727993658888864 0.22664880752563477 0.08
37 -1.7098232445900976 1.738677177836794 0.22593212127685547 0.079
38 -1.914657071408018 1.6538837671354973 0.2822751998901367 0.079
39 -1.6868998797765276 1.809761364812415 0.23110675811767578 0.079
40 -1.8430689574817452 1.7365356305369957 0.2669711112976074 0.08
41 -1.7890064170521474 1.6985740481344243 0.2906477451324463 0.078
42 -1.726927131669698 1.7679819067073597 0.28166699409484863 0.079
43 -1.8979975741092654 1.6541522855171369 0.22974419593811035 0.08
44 -1.7856270604498545 1.712547192787443 0.229902982711792 0.079
45 -1.7259321473103466 1.8714307804426042 0.23544692993164062 0.08
46 -1.7314170564268763 1.760057972676395 0.23359894752502441 0.08
47 -1.7336948932808065 1.7155645068481522 0.23280692100524902 0.078
48 -1.7900527588803046 1.897189634523706 0.2272791862487793 0.08
49 -1.7727944569008398 1.7117737661857488 0.22978615760803223 0.08
50 -1.9480432052602115 1.794508194125108 0.2283930778503418 0.079
51 -1.66112888176079 1.6647389722275772 0.2268238067626953 0.08
52 -1.7420056454293604 1.8403962458666683 0.22466588020324707 0.079
53 -1.8007011100062311 1.7738336276428788 0.22951197624206543 0.079
54 -1.7315889424478665 1.9204981490391986 0.2263810634613037 0.08
55 -1.7708518728678562 1.7987888237730618 0.22778677940368652 0.08
56 -1.8564201200553192 1.748240340558077 0.2293848991394043 0.08
57 -1.8348961853972274 1.7771718951348754 0.2313232421875 0.079
58 -1.836834604167763 1.6692447585694061 0.2293257713317871 0.08
59 -1.6792776310937676 1.7582291304504734 0.22941803932189941 0.079
60 -1.6434072731308749 1.6293031884644966 0.22859787940979004 0.079
61 -1.6979444396389056 1.751174508756765 0.22986721992492676 0.079
62 -1.6930109823031922 1.689332175127306 0.22934889793395996 0.08
63 -1.725298955577554 1.637964272326728 0.23027825355529785 0.08
64 -1.8110707178481795 1.6749667152281478 0.2295520305633545 0.08
65 -1.7210588707735066 1.682002779721828 0.22851896286010742 0.08
66 -1.7919760576317758 1.6856795654104944 0.22934389114379883 0.079
67 -1.6971128878689667 1.5716218013489458 0.22893524169921875 0.079
68 -1.7819931414500039 1.634114370059144 0.22918081283569336 0.079
69 -1.8058459188071263 1.796164432158439 0.229017972946167 0.079
70 -1.7143613625165837 1.6800075858937762 0.22886109352111816 0.079
71 -1.8346226632827032 1.6372856827131523 0.22652292251586914 0.08
72 -1.7421258960245003 1.778726632738054 0.23045086860656738 0.08
73 -1.7232360951939962 1.7093965799160373 0.23068690299987793 0.08
74 -1.8536144656416198 1.7076872775376313 0.22864580154418945 0.079
75 -1.822214739392941 1.6379183858623727 0.23127985000610352 0.08
76 -1.7446795726815238 1.829290034411672 0.22873616218566895 0.08
77 -1.67955384660006 1.7092549353401254 0.23037314414978027 0.078
78 -1.7351897806274876 1.8248374747151137 0.2313218116760254 0.079
79 -1.8416554557317675 1.7103607109351042 0.22746706008911133 0.08
80 -1.7960979421692695 1.672073801577055 0.2315361499786377 0.079
81 -1.6746973647475727 1.8196394789957642 0.22994184494018555 0.08
82 -1.7964824169005567 1.7611930904158 0.22913289070129395 0.079
83 -1.6145538369527512 1.7685294365531756 0.22965288162231445 0.08
84 -1.8918337811057735 1.664645953960137 0.22969484329223633 0.079
85 -1.79238597636567 1.6923359514076692 0.22844290733337402 0.08
86 -1.7914696311279992 1.6842486821542724 0.23161005973815918 0.079
87 -1.7988563763245724 1.8299448603713018 0.22670197486877441 0.078
88 -1.7461899329070452 1.7423589415949774 0.2257249355316162 0.08
89 -1.7485501269506143 1.8432032791718242 0.2316298484802246 0.08
90 -1.725784568078909 1.670018658446212 0.23897504806518555 0.08
91 -1.7247959122770902 1.7653028482764348 0.2993440628051758 0.08
92 -1.6842894732593627 1.6229501792794387 0.23917198181152344 0.08
93 -1.6072444772806274 1.914887174443528 0.23900389671325684 0.079
94 -1.8390132657235874 1.7675225367248903 0.25863099098205566 0.08
95 -1.7709365718590255 1.6619789053932639 0.24062299728393555 0.079
96 -1.656357037076882 1.728265459543076 0.22954797744750977 0.08
97 -1.74666987046904 1.797107936645087 0.30708885192871094 0.078
98 -1.686804480409829 1.7972042052011108 0.23445987701416016 0.079
99 -1.719509153184396 1.750669324376101 0.2607262134552002 0.079
100 -1.7176370068814875 1.7675535466784407 0.22932100296020508 0.08
101 -1.8198191164172113 1.658156192904629 0.22814607620239258 0.079
102 -1.7801261760352507 1.8501854647009122 0.3025639057159424 0.08
103 -1.594173009700478 1.765603464396359 0.3087329864501953 0.079
104 -1.7903514021063622 1.6897865232075708 0.2346179485321045 0.08
105 -1.6483196669803857 1.7472858052124873 0.23236298561096191 0.08
106 -1.819328641948745 1.6766115982756902 0.22842121124267578 0.079
107 -1.699270038122993 1.769340791483999 0.22705984115600586 0.079
108 -1.7983026123662338 1.6758164690141577 0.2287907600402832 0.08
109 -1.807405928620439 1.6908656421739257 0.22913599014282227 0.079
110 -1.8065807732672592 1.773448088332827 0.23104381561279297 0.079
111 -1.7845978116347572 1.6490873572421563 0.22666001319885254 0.08
112 -1.7382180562931309 1.8879022537016885 0.22999000549316406 0.079
113 -1.8971301797473759 1.679577534168977 0.2269148826599121 0.079
114 -1.743240843411323 1.7054222518025601 0.22832417488098145 0.08
115 -1.729365937072236 1.8173312553219005 0.2275848388671875 0.078
116 -1.7348754283322043 1.6951648406355275 0.2282097339630127 0.08
117 -1.7219795161341376 1.8209792225227595 0.22793006896972656 0.08
118 -1.7540703303403977 1.7777403854736276 0.2318897247314453 0.08
119 -1.5874446259099901 1.6794299124411116 0.2904210090637207 0.08
120 -1.8778481684615174 1.6566784792470735 0.284210205078125 0.078
121 -1.785491139778312 1.6173528080362893 0.23247218132019043 0.079
122 -1.6549954372583886 1.8449532009369745 0.22744297981262207 0.079
123 -1.8709026703238176 1.7174081285493894 0.2694978713989258 0.078
124 -1.7388500455713156 1.629303139627754 0.2832450866699219 0.079
125 -1.635606912190541 1.7465994914895921 0.2672700881958008 0.079
126 -1.7491901621791914 1.7866368536831974 0.24900102615356445 0.08
127 -1.6541064456365462 1.6446927954630228 0.3042151927947998 0.08
128 -1.7625190308903291 1.7461855807948512 0.2578921318054199 0.08
129 -1.6811193783934006 1.7980596449473547 0.24405980110168457 0.079
130 -1.6246818708551214 1.8623577856588196 0.24519705772399902 0.079
131 -1.9481402833139956 1.5939950529424176 0.24369192123413086 0.078
132 -1.7037283453822754 1.7809768411468994 0.22765064239501953 0.08
133 -1.8582420942072744 1.6342396131489345 0.2270798683166504 0.078
134 -1.695878526493185 1.6986923849129993 0.23003625869750977 0.079
135 -1.7045969838531083 1.6444966047811584 0.23670172691345215 0.079
136 -1.689675723974921 1.7023255464108706 0.23095989227294922 0.08
137 -1.787157241321698 1.7177414401904532 0.23183584213256836 0.079
138 -1.6299684774641956 1.8356837251507763 0.2535569667816162 0.079
139 -1.665906295698467 1.7024864131501465 0.23211216926574707 0.079
140 -1.8619022377002268 1.7573109595479115 0.2295529842376709 0.08
141 -1.662769733385626 1.6913035132713166 0.22963714599609375 0.079
142 -1.7634264508303106 1.7895859826089184 0.2256932258605957 0.08
143 -1.7537375624914648 1.6761435070789232 0.22680020332336426 0.08
144 -1.7261982954159794 1.582087401299681 0.23091411590576172 0.08
145 -1.7571717173137729 1.6765179869287767 0.22649908065795898 0.079
146 -1.8508546638011654 1.71744066933544 0.22718000411987305 0.079
147 -1.6945057972070743 1.7014385655317172 0.22785282135009766 0.079
148 -1.7373218639506698 1.7162708646575964 0.22699403762817383 0.08
149 -1.9176231295819655 1.8168345748082897 0.22768402099609375 0.079
150 -1.7979123622644146 1.6419620535287878 0.2265629768371582 0.079
