1 0.041238546242334695 0.9626799611923176 0.25038576126098633 0.079
2 0.04493890557465439 0.9686950533893176 0.2914118766784668 0.079
3 0.03716663614985649 0.9591889267385819 0.2407219409942627 0.078
4 0.03665848823571517 0.9583070509893064 0.22730803489685059 0.08
5 0.045013022763166294 0.95656541615735 0.2315073013305664 0.079
6 0.03845780230481044 0.9661096994539004 0.2525923252105713 0.079
7 0.03748261472819161 0.9568435150605961 0.2764711380004883 0.079
8 0.034810862926880515 0.9441356215288713 0.3138449192047119 0.08
9 0.045817061132619075 0.9620137641939909 0.28094911575317383 0.078
10 0.03955764503804917 0.9685012511894617 0.2806391716003418 0.079
11 0.042175421812089664 0.9585191869665356 0.29506874084472656 0.08
12 0.040366833293603216 0.9528103517861491 0.28195881843566895 0.079
13 0.043221874909215696 0.9663612222253277 0.25832390785217285 0.078
14 0.04404800112088492 0.9683405543462766 0.2765471935272217 0.08
15 0.037427685477133404 0.9647265344508323 0.23326897621154785 0.079
16 0.027743733234444814 0.958792070858495 0.23049521446228027 0.08
17 0.03615790265702479 0.9535316249761843 0.29144287109375 0.078
18 0.04705648560801845 0.9578016975110912 0.24939703941345215 0.079
19 0.034137394108744015 0.9524171938438314 0.23100590705871582 0.08
20 0.04172436394963164 0.9671436382744364 0.2634313106536865 0.078
21 0.04050249971344761 0.9647983870817821 0.24382901191711426 0.08
22 0.037177405215316275 0.9590462216524399 0.23062705993652344 0.08
23 0.03922473107547856 0.9490064910765519 0.2670779228210449 0.079
24 0.03613709248254001 0.9643282929509422 0.24565720558166504 0.079
25 0.049081577574360824 0.9521361749853406 0.23257994651794434 0.08
26 0.03365397474834028 0.9672180152716539 0.4525742530822754 0.08
27 0.0477625680314799 0.9554017707986691 0.24846482276916504 0.08
28 0.04424562561382513 0.9644826279710956 0.38054490089416504 0.08
29 0.04146865084424264 0.9578384373677749 0.25569725036621094 0.079
30 0.030193646674668284 0.954365161088026 0.24291610717773438 0.078
31 0.04071495107812506 0.9640583475863914 0.22651910781860352 0.079
32 0.035782756718926535 0.9596854895905088 0.2751128673553467 0.08
33 0.035314597031701034 0.9603084885095657 0.2935469150543213 0.079
34 0.04026760458047164 0.9573500777497093 0.2267322540283203 0.08
35 0.04478242014745093 0.9541469961669382 0.263308048248291 0.079
36 0.037196633908836985 0.9677108932177082 0.24285101890563965 0.078
37 0.04629867767363874 0.9667554113780741 0.2280569076538086 0.079
38 0.044298897768515234 0.954394671829601 0.31718897819519043 0.08
39 0.03857511636656489 0.9606699801261533 0.23421812057495117 0.079
40 0.048278941840095 0.9619729184309315 0.24470829963684082 0.079
41 0.03530758762544606 0.966801378599782 0.25530028343200684 0.078
42 0.03808662557536091 0.9670100055053656 0.23042678833007812 0.079
43 0.0429828398397243 0.9624016090968339 0.31703782081604004 0.079
44 0.04111651940963357 0.9681549382876544 0.22842884063720703 0.078
45 0.03845885081546231 0.9705326060031628 0.25432491302490234 0.079
46 0.046738231308624284 0.957197108240893 0.27497386932373047 0.08
47 0.03518936183099953 0.9466074523189493 0.2863318920135498 0.08
48 0.03060942259435694 0.9545761071922972 0.28158998489379883 0.079
49 0.04864788321325948 0.9618113612750464 0.2497541904449463 0.08
50 0.04142291082875715 0.9530587261439512 0.2431631088256836 0.08
51 0.05062527020969931 0.9541985866639471 0.2550947666168213 0.079
52 0.03708366249307782 0.9528536361224638 0.22795867919921875 0.079
53 0.02960529237893386 0.9561029164563758 0.2544059753417969 0.08
54 0.04159849432864073 0.9564805760449089 0.2623100280761719 0.08
55 0.03538981980512986 0.9474575301344463 0.23277711868286133 0.079
56 0.03521157604876523 0.9599629985564184 0.2482309341430664 0.079
57 0.03732238063392611 0.9630955882728259 0.24392986297607422 0.079
58 0.04464540542490507 0.948176795716499 0.2517588138580322 0.08
59 0.041550600573132555 0.961495149503386 0.4206383228302002 0.08
60 0.0469510626233618 0.9614365292301531 0.2473301887512207 0.079
61 0.03683893378998485 0.9601095520676353 0.2331221103668213 0.079
62 0.03706759761998743 0.9486609244052739 0.2329559326171875 0.079
63 0.04314664221769828 0.9567195995061225 0.24405694007873535 0.08
64 0.03796045690116249 0.9615808898531902 0.254518985748291 0.08
65 0.0481531907736178 0.9611623313256319 0.41109395027160645 0.08
66 0.04422799022691375 0.9552672111820988 0.24503207206726074 0.08
67 0.040277418465602545 0.9591881544118622 0.28917908668518066 0.079
68 0.03776811336828234 0.9562483711325491 0.2376711368560791 0.079
69 0.04738396446707838 0.9700822988001714 0.2984130382537842 0.078
70 0.03743557863603793 0.9589431359743475 0.2943558692932129 0.079
71 0.03657651706642118 0.9599949611919547 0.297640323638916 0.079
72 0.04099977908709351 0.9486540533033634 0.23395180702209473 0.078
73 0.03526058565105224 0.9609176431658686 0.2270212173461914 0.079
74 0.041959578642674064 0.9633464182938715 0.2247772216796875 0.08
75 0.03353897283800589 0.9671038354292153 0.22516727447509766 0.079
76 0.037389772264303844 0.959265903754008 0.22521209716796875 0.079
77 0.03414192018209794 0.9555534313651814 0.2259678840637207 0.078
78 0.044625095203515985 0.9557532872220169 0.22546100616455078 0.08
79 0.03643783767651389 0.9636873016271671 0.22510910034179688 0.08
80 0.03244395026399072 0.9589102474563878 0.22509312629699707 0.079
81 0.042715149582306586 0.9610648285133349 0.2249467372894287 0.08
82 0.035822055930759336 0.9525183377094503 0.2253282070159912 0.08
83 0.041804787818608316 0.9548893276529015 0.2246232032775879 0.08
84 0.03679334181919848 0.9622834447592833 0.2444911003112793 0.079
85 0.033872741484427094 0.9583688163586362 0.2835872173309326 0.078
86 0.043255438690322 0.9619601067446277 0.2503929138183594 0.079
87 0.03911997133093181 0.9709934135309073 0.308682918548584 0.079
88 0.038794120003540815 0.9555010095683117 0.2311720848083496 0.08
89 0.04317158362110829 0.9634037700739646 0.36304783821105957 0.079
90 0.054464469833171325 0.9557811310480699 0.22728824615478516 0.078
91 0.04884989791597939 0.9636621263405274 0.2462620735168457 0.079
92 0.03301954612722286 0.9634846273496479 0.35173487663269043 0.079
93 0.041313395184748344 0.955551145437084 0.22911810874938965 0.08
94 0.038635932864325886 0.962106903120242 0.228363037109375 0.079
95 0.04063635657082821 0.956891753749408 0.22582507133483887 0.08
96 0.05095114604888056 0.9599728247342469 0.2248060703277588 0.08
97 0.03531550352473274 0.9571982051750072 0.2274479866027832 0.079
98 0.03781687609601049 0.9617405883054061 0.2250680923461914 0.08
99 0.04311981906884366 0.9533275852503388 0.22558999061584473 0.079
100 0.04097221249631139 0.9605541631154451 0.2239701747894287 0.079
101 0.05747318246037576 0.952544170259587 0.2253580093383789 0.08
102 0.037776207877966095 0.964440784160362 0.22726917266845703 0.079
103 0.04093369387090526 0.9653305292029865 0.22821903228759766 0.079
104 0.0379896608254149 0.9559733059359233 0.2266378402709961 0.079
105 0.055330056671233425 0.9671667317828099 0.22733378410339355 0.08
106 0.045191301204754876 0.9532644333077314 0.22695016860961914 0.08
107 0.05036143507318916 0.9594777165126412 0.22641301155090332 0.08
108 0.04194525085473693 0.9518739382077609 0.2257990837097168 0.079
109 0.04985389142995913 0.9654825450262134 0.2293708324432373 0.08
110 0.04133033865131992 0.9609893283794028 0.22699594497680664 0.079
111 0.04671458959142205 0.963282915156416 0.22619080543518066 0.079
112 0.04595340709349183 0.959684004379656 0.25777411460876465 0.078
113 0.04377096053227526 0.9649916538023041 0.5074050426483154 0.08
114 0.04962989915534032 0.9584338316954765 0.23671221733093262 0.079
115 0.040443711591692494 0.9344430854609965 0.23824381828308105 0.08
116 0.05157505420385344 0.9545583125931912 0.37643980979919434 0.08
117 0.038984687675582635 0.9539178873239503 0.2496809959411621 0.08
118 0.04854747869604966 0.9584335528070822 0.2383110523223877 0.08
119 0.03931016802876841 0.9498050578206692 0.24696707725524902 0.079
120 0.03466888149161911 0.9575377930340223 0.24376392364501953 0.079
121 0.04268162272112619 0.9575498300552351 0.3964970111846924 0.079
122 0.04637260775754715 0.9677250268070043 0.24480199813842773 0.08
123 0.0504890741458743 0.9550256300314314 0.24072003364562988 0.08
124 0.034762708207263786 0.958559915814109 0.28679394721984863 0.08
125 0.038009777164056006 0.9581984857721328 0.25250887870788574 0.08
126 0.02652214856811775 0.9521529971412012 0.398266077041626 0.079
127 0.04666631942094064 0.9603383647922654 0.2435441017150879 0.08
128 0.04674839532893105 0.9649518421963785 0.24559688568115234 0.079
129 0.03706727900522189 0.9585494937483782 0.25049877166748047 0.08
130 0.029471007871632926 0.9548858234073294 0.2958090305328369 0.078
131 0.04418359827517525 0.9676894008463726 0.22698402404785156 0.08
132 0.03603599052261021 0.9622720617359504 0.2336888313293457 0.079
133 0.037146629178350765 0.9611798975312787 0.25391101837158203 0.079
134 0.0486000513886744 0.96330310477761 0.261411190032959 0.08
135 0.02771924304371487 0.9601805299085839 0.2501368522644043 0.078
136 0.0418088297306356 0.9711416514070212 0.22964715957641602 0.079
137 0.04414640799227765 0.9569098890079338 0.23033595085144043 0.078
138 0.033913665740035265 0.9604010907961369 0.25844407081604004 0.079
139 0.03957168532598925 0.9636886136514191 0.24156689643859863 0.08
140 0.03137428894275419 0.9616207086121357 0.24329400062561035 0.079
141 0.03438731852708532 0.9649214215897822 0.24616003036499023 0.079
142 0.036412604666729353 0.974726496125701 0.25548601150512695 0.078
143 0.04113766409325086 0.9687453712302833 0.2408139705657959 0.079
144 0.05176620007166746 0.9597951479012391 0.3041350841522217 0.08
145 0.046142730152245244 0.9592325928630974 0.26189470291137695 0.08
146 0.047982772093950854 0.9549983230153667 0.22709393501281738 0.079
147 0.04172850365398473 0.9605583385958396 0.26432108879089355 0.079
148 0.038591622820513205 0.9497488310638582 0.2269151210784912 0.079
149 0.04417035342348269 0.9523327306880403 0.25516390800476074 0.08
150 0.03751726643789808 0.951424129114911 0.27220726013183594 0.08
